10 Reserve top-13769
20 For i=0 to 9590
30 Read a:poke 13769+i,a
40 next i
50 ?"type CALL TOP to run your code."
100 END
10000 DATA 205,50,58,195,82,58,195,154,54,205
10010 DATA 45,56,205,100,95,231,37,205,100,91
10020 DATA 205,171,92,205,97,58,17,66,62,62
10030 DATA 24,205,113,93,205,100,94,17,90,62
10040 DATA 62,24,205,113,93,205,100,94,17,114
10050 DATA 62,62,25,205,113,93,205,100,94,17
10060 DATA 139,62,62,33,205,113,93,205,100,92
10070 DATA 205,100,94,254,65,202,66,57,151,50
10080 DATA 37,107,205,120,80,205,171,92,205,100
10090 DATA 95,62,1,50,44,107,50,4,122,33
10100 DATA 220,96,54,48,35,54,49,35,54,32
10110 DATA 205,90,59,205,100,90,205,46,62,32
10120 DATA 24,205,1,62,254,1,204,30,62,205
10130 DATA 113,55,62,1,205,113,94,205,197,80
10140 DATA 205,100,94,24,22,205,197,80,62,1
10150 DATA 205,113,94,205,1,62,254,1,204,30
10160 DATA 62,205,113,55,205,100,94,33,222,96
10170 DATA 62,32,190,62,58,40,6,52,190,32
10180 DATA 21,54,48,43,52,190,32,14,54,48
10190 DATA 43,52,190,32,7,54,49,62,48,50
10200 DATA 222,96,33,44,107,52,195,61,54,205
10210 DATA 100,91,205,171,92,205,97,58,205,100
10220 DATA 95,205,90,59,201,245,213,58,67,97
10230 DATA 167,40,0,209,241,201,245,213,58,67
10240 DATA 97,167,40,6,30,2,62,0,231,48
10250 DATA 209,241,201,62,8,205,100,93,62,32
10260 DATA 205,100,93,62,8,205,100,93,201,205
10270 DATA 198,54,205,100,92,254,82,202,5,55
10280 DATA 254,88,40,28,254,65,56,237,254,73
10290 DATA 48,233,201,205,198,54,205,100,92,254
10300 DATA 18,40,9,254,49,56,242,254,57,48
10310 DATA 238,201,225,195,157,83,58,43,107,254
10320 DATA 1,32,4,241,195,77,81,205,198,54
10330 DATA 58,45,107,50,225,96,62,1,50,45
10340 DATA 107,58,36,107,238,128,50,37,107,205
10350 DATA 80,70,42,26,107,34,22,107,205,100
10360 DATA 87,213,81,205,100,84,125,205,100,93
10370 DATA 124,205,100,93,62,45,205,100,93,209
10380 DATA 83,205,100,84,125,205,100,93,124,205
10390 DATA 100,93,6,5,62,8,205,100,93,16
10400 DATA 251,58,225,96,50,45,107,195,217,54
10410 DATA 205,100,94,17,249,62,62,9,205,122
10420 DATA 93,195,152,83,58,36,107,50,37,107
10430 DATA 205,80,70,42,26,107,34,22,107,58
10440 DATA 122,109,254,1,32,5,14,1,205,100
10450 DATA 83,58,50,107,167,204,99,55,205,124
10460 DATA 94,205,50,58,205,211,64,205,50,58
10470 DATA 205,100,87,120,167,32,33,213,81,205
10480 DATA 100,84,125,205,100,93,124,205,100,93
10490 DATA 62,45,205,100,93,209,83,205,100,84
10500 DATA 125,205,100,93,124,205,100,93,24,36
10510 DATA 203,72,40,10,17,239,62,62,5,205
10520 DATA 113,93,24,22,203,80,40,10,17,244
10530 DATA 62,62,5,205,113,93,24,8,17,83
10540 DATA 63,62,5,205,113,93,197,205,50,58
10550 DATA 193,58,37,107,71,238,128,50,37,107
10560 DATA 205,235,63,245,197,205,50,58,193,241
10570 DATA 167,120,50,37,107,40,23,205,100,94
10580 DATA 58,122,109,254,255,196,41,62,17,2
10590 DATA 63,62,5,205,113,93,33,4,122,52
10600 DATA 58,122,109,254,255,192,14,0,205,100
10610 DATA 83,201,33,220,96,54,48,35,54,49
10620 DATA 35,54,32,35,54,32,35,54,32,35
10630 DATA 54,0,35,54,16,35,54,15,33,234
10640 DATA 96,54,147,35,54,147,35,54,32,35
10650 DATA 54,32,33,242,96,54,16,35,54,7
10660 DATA 35,54,0,54,16,35,54,7,35,54
10670 DATA 2,35,54,0,33,50,97,54,0,35
10680 DATA 54,0,35,54,0,35,54,32,35,54
10690 DATA 32,35,54,148,35,54,147,35,54,147
10700 DATA 35,54,147,33,67,97,54,0,33,72
10710 DATA 97,54,0,195,193,56,9,11,245,247
10720 DATA 10,246,1,255,235,244,8,19,21,12
10730 DATA 248,237,10,10,11,9,246,246,245,247
10740 DATA 20,16,8,0,4,0,0,4,4,8
10750 DATA 4,4,8,8,1,4,4,6,11,12
10760 DATA 33,149,56,17,0,108,1,43,1,237
10770 DATA 176,33,206,107,54,25,35,54,95,35
10780 DATA 54,24,35,54,94,35,54,255,33,248
10790 DATA 108,54,4,35,54,2,35,54,3,35
10800 DATA 54,5,35,54,6,35,54,3,35,54
10810 DATA 2,35,54,4,33,120,109,54,255,35
10820 DATA 54,0,33,0,109,34,0,107,34,2
10830 DATA 107,34,4,107,34,6,107,33,0,108
10840 DATA 34,8,107,34,10,107,34,12,107,34
10850 DATA 14,107,34,16,107,34,18,107,33,133
10860 DATA 109,34,20,107,33,0,114,34,30,107
10870 DATA 201,205,198,54,195,81,57,205,198,54
10880 DATA 195,98,57,205,198,54,195,148,57,175
10890 DATA 50,43,107,205,171,92,17,131,63,62
10900 DATA 19,205,113,93,205,100,92,254,88,202
10910 DATA 220,57,254,65,56,211,254,73,48,207
10920 DATA 103,205,100,92,254,88,40,115,111,254
10930 DATA 76,32,12,124,254,67,125,32,6,205
10940 DATA 112,88,195,214,57,254,49,56,184,254
10950 DATA 57,48,180,111,205,115,84,50,0,122
10960 DATA 205,100,94,17,118,63,62,13,205,113
10970 DATA 93,205,100,92,205,100,94,1,7,0
10980 DATA 33,15,63,237,177,32,37,17,103,63
10990 DATA 62,14,205,113,93,205,100,92,205,100
11000 DATA 94,254,66,32,2,203,249,17,150,63
11010 DATA 62,22,205,113,93,205,100,92,254,78
11020 DATA 40,2,203,217,58,0,122,50,0,107
11030 DATA 221,42,0,107,221,113,0,205,90,59
11040 DATA 195,66,57,205,100,89,205,171,92,205
11050 DATA 120,80,205,100,94,17,64,63,62,18
11060 DATA 205,113,93,205,100,92,245,205,90,59
11070 DATA 205,100,90,241,254,87,202,61,54,17
11080 DATA 220,96,62,3,205,113,93,62,6,205
11090 DATA 113,94,58,36,107,167,32,9,205,197
11100 DATA 80,205,100,94,195,112,54,205,113,55
11110 DATA 205,100,94,195,112,54,229,213,197,231
11120 DATA 0,231,41,203,67,193,209,225,201,201
11130 DATA 33,172,63,1,99,5,126,169,119,35
11140 DATA 11,120,177,32,247,33,133,73,1,88
11150 DATA 6,126,169,119,35,11,120,177,32,247
11160 DATA 201,33,201,53,1,0,64,30,1,231
11170 DATA 61,30,1,231,52,201,22,160,30,44
11180 DATA 62,1,50,50,97,6,8,197,6,8
11190 DATA 197,213,123,50,51,97,122,50,52,97
11200 DATA 58,50,97,167,32,25,1,3,0,33
11210 DATA 56,97,17,59,97,237,176,1,3,0
11220 DATA 33,56,97,17,63,97,237,176,195,174
11230 DATA 58,1,3,0,33,53,97,17,59,97
11240 DATA 237,176,1,3,0,33,53,97,17,63
11250 DATA 97,237,176,62,18,50,243,96,22,0
11260 DATA 58,51,97,95,231,40,33,244,96,231
11270 DATA 45,22,0,58,52,97,95,198,10,50
11280 DATA 52,97,231,40,33,250,96,231,45,30
11290 DATA 11,1,14,0,33,242,96,231,61,1
11300 DATA 3,0,33,59,97,17,10,97,237,176
11310 DATA 62,3,50,8,97,30,11,1,7,0
11320 DATA 33,6,97,231,61,22,0,58,51,97
11330 DATA 95,231,40,33,244,96,231,45,22,0
11340 DATA 58,52,97,95,231,40,33,250,96,231
11350 DATA 45,30,11,1,14,0,33,242,96,231
11360 DATA 61,1,3,0,33,63,97,17,10,97
11370 DATA 237,176,62,3,50,8,97,30,11,1
11380 DATA 7,0,33,6,97,231,61,209,62,21
11390 DATA 131,95,58,50,97,238,1,50,50,97
11400 DATA 193,5,194,111,58,58,50,97,238,1
11410 DATA 50,50,97,30,44,122,214,20,87,193
11420 DATA 5,194,108,58,201,33,91,109,22,160
11430 DATA 30,47,62,1,50,50,97,6,8,197
11440 DATA 6,8,197,126,229,1,100,243,9,190
11450 DATA 119,225,196,160,59,62,21,131,95,35
11460 DATA 58,50,97,238,1,50,50,97,193,16
11470 DATA 227,58,50,97,238,1,50,50,97,1
11480 DATA 18,0,167,237,66,30,47,122,214,20
11490 DATA 87,193,16,201,201,229,213,123,50,51
11500 DATA 97,122,50,52,97,126,50,38,107,230
11510 DATA 7,50,8,107,32,56,58,50,97,167
11520 DATA 32,25,1,2,0,33,234,96,17,238
11530 DATA 96,237,176,1,2,0,33,234,96,17
11540 DATA 240,96,237,176,195,44,60,1,2,0
11550 DATA 33,236,96,17,240,96,237,176,1,2
11560 DATA 0,33,236,96,17,238,96,237,176,195
11570 DATA 44,60,33,50,97,203,70,32,21,245
11580 DATA 17,1,0,205,187,60,241,61,33,38
11590 DATA 107,203,126,40,15,198,6,195,19,60
11600 DATA 61,33,38,107,203,126,32,2,198,6
11610 DATA 135,135,33,205,60,22,0,95,25,1
11620 DATA 2,0,17,238,96,237,176,1,2,0
11630 DATA 17,240,96,237,176,62,18,50,243,96
11640 DATA 22,0,58,51,97,95,231,40,33,244
11650 DATA 96,231,45,22,0,58,52,97,95,198
11660 DATA 10,50,52,97,231,40,33,250,96,231
11670 DATA 45,30,11,1,14,0,33,242,96,231
11680 DATA 61,1,2,0,33,238,96,17,10,97
11690 DATA 237,176,62,2,50,8,97,30,11,1
11700 DATA 6,0,33,6,97,231,61,22,0,58
11710 DATA 51,97,95,231,40,33,244,96,231,45
11720 DATA 22,0,58,52,97,95,231,40,33,250
11730 DATA 96,231,45,30,11,1,14,0,33,242
11740 DATA 96,231,61,1,2,0,33,240,96,17
11750 DATA 10,97,237,176,62,2,50,8,97,30
11760 DATA 11,1,6,0,33,6,97,231,61,17
11770 DATA 0,0,205,187,60,209,225,201,231,40
11780 DATA 33,228,96,231,45,33,226,96,1,8
11790 DATA 0,30,11,231,61,201,12,13,0,1
11800 DATA 14,15,2,3,14,15,4,5,14,15
11810 DATA 6,7,14,15,8,9,14,15,10,11
11820 DATA 28,29,16,17,30,31,18,19,30,31
11830 DATA 20,21,30,31,22,23,30,31,24,25
11840 DATA 30,31,26,27,0,0,1,3,7,7
11850 DATA 3,1,0,0,128,192,224,224,192,128
11860 DATA 0,0,1,63,127,31,127,1,32,102
11870 DATA 252,152,152,248,248,224,0,7,15,31
11880 DATA 31,15,7,3,0,192,136,24,184,240
11890 DATA 224,192,0,0,0,113,113,127,127,7
11900 DATA 0,0,0,142,142,254,254,224,0,170
11910 DATA 255,191,15,7,3,7,0,85,255,253
11920 DATA 240,224,192,224,0,1,15,1,1,31
11930 DATA 15,7,0,128,240,128,128,248,240,224
11940 DATA 3,3,7,7,7,15,15,0,192,192
11950 DATA 224,224,224,240,240,0,3,7,15,7
11960 DATA 7,15,31,63,192,224,240,224,224,240
11970 DATA 248,252,0,0,1,2,4,4,2,1
11980 DATA 0,0,128,64,32,32,64,128,0,0
11990 DATA 1,63,96,16,126,1,32,102,156,104
12000 DATA 104,8,24,32,0,7,8,17,16,8
12010 DATA 4,2,0,192,136,24,168,208,32,64
12020 DATA 0,0,0,113,81,79,120,4,0,0
12030 DATA 0,142,138,242,30,32,0,170,255,176
12040 DATA 8,4,2,4,0,85,255,13,16,32
12050 DATA 64,32,0,1,15,1,1,30,8,4
12060 DATA 0,128,240,128,128,120,16,32,2,2
12070 DATA 4,4,4,8,15,0,64,64,32,32
12080 DATA 32,16,240,0,2,4,8,4,4,8
12090 DATA 16,32,64,32,16,32,32,16,8,4
12100 DATA 205,90,59,201,33,4,122,52,62,255
12110 DATA 190,208,205,90,59,205,100,90,62,1
12120 DATA 50,4,122,201,205,46,62,192,62,6
12130 DATA 195,113,94,205,46,62,200,24,245,205
12140 DATA 59,62,24,239,205,59,62,24,243,17
12150 DATA 220,96,62,3,205,113,93,58,36,107
12160 DATA 167,201,62,3,205,113,94,24,244,78
12170 DATA 69,87,66,82,65,73,78,32,67,72
12180 DATA 69,83,83,32,86,101,114,115,105,111
12190 DATA 110,32,50,67,46,80,46,32,83,79
12200 DATA 70,84,87,65,82,69,32,40,67,41
12210 DATA 32,49,57,56,52,32,32,65,117,116
12220 DATA 104,111,114,58,32,67,104,114,105,115
12230 DATA 32,87,104,105,116,116,105,110,103,116
12240 DATA 111,110,68,111,32,121,111,117,32,119
12250 DATA 97,110,116,32,116,111,32,80,108,97
12260 DATA 121,46,79,82,46,65,110,97,108,121
12270 DATA 115,101,32,63,32,68,111,32,121,111
12280 DATA 117,32,119,97,110,116,32,116,111,32
12290 DATA 112,108,97,121,32,87,104,105,116,101
12300 DATA 46,79,82,46,66,108,97,99,107,32
12310 DATA 63,32,70,97,115,116,46,79,82,46
12320 DATA 83,108,111,119,32,109,111,100,101,32
12330 DATA 63,32,32,77,69,32,32,32,89,79
12340 DATA 85,32,32,79,45,79,32,79,45,79
12350 DATA 45,79,83,84,65,76,69,77,65,84
12360 DATA 69,67,72,69,67,75,77,65,84,69
12370 DATA 32,73,78,32,75,81,82,66,78,80
12380 DATA 73,78,66,82,81,75,89,79,85,32
12390 DATA 87,73,78,73,32,87,73,78,83,101
12400 DATA 108,101,99,116,32,108,111,111,107,32
12410 DATA 97,104,101,97,100,44,32,40,48,45
12420 DATA 54,41,32,87,104,111,115,101,32,109
12430 DATA 111,118,101,32,105,115,32,105,116,32
12440 DATA 63,32,80,88,80,69,80,32,73,108
12450 DATA 108,101,103,97,108,32,109,111,118,101
12460 DATA 32,32,80,105,101,99,101,32,99,111
12470 DATA 108,111,117,114,32,63,32,80,105,101
12480 DATA 99,101,32,116,121,112,101,32,63,32
12490 DATA 83,113,117,97,114,101,32,116,111,32
12500 DATA 99,104,97,110,103,101,32,63,32,72
12510 DATA 97,115,32,112,105,101,99,101,32,109
12520 DATA 111,118,101,100,32,121,101,116,32,63
12530 DATA 32,205,235,63,50,48,107,237,91,30
12540 DATA 107,42,20,107,35,35,115,35,114,35
12550 DATA 34,20,107,34,28,107,62,21,50,0
12560 DATA 107,42,0,107,126,167,40,16,254,255
12570 DATA 40,12,50,38,107,33,37,107,174,203
12580 DATA 127,204,194,65,58,0,107,60,254,99
12590 DATA 194,199,63,201,58,37,107,33,206,107
12600 DATA 167,40,1,35,126,50,4,107,42,4
12610 DATA 107,126,50,38,107,230,7,50,8,107
12620 DATA 205,9,64,201,197,175,6,16,50,16
12630 DATA 107,253,42,16,107,253,78,128,22,0
12640 DATA 58,4,107,50,2,107,20,33,2,107
12650 DATA 126,129,119,42,2,107,126,254,255,40
12660 DATA 15,50,39,107,230,7,50,10,107,32
12670 DATA 12,120,254,9,48,226,253,35,16,211
12680 DATA 175,193,201,58,39,107,33,38,107,174
12690 DATA 242,87,64,203,114,32,235,203,234,195
12700 DATA 93,64,203,106,32,226,203,242,58,10
12710 DATA 107,95,120,254,9,56,69,123,254,5
12720 DATA 32,4,203,250,24,65,122,230,15,254
12730 DATA 1,32,5,123,254,6,40,53,120,254
12740 DATA 13,56,36,123,254,3,40,43,122,230
12750 DATA 15,254,1,32,177,187,32,174,58,39
12760 DATA 107,203,127,40,7,120,254,15,56,162
12770 DATA 24,19,120,254,15,48,155,24,12,123
12780 DATA 254,4,32,148,24,5,123,254,2,32
12790 DATA 141,58,8,107,254,7,40,9,203,106
12800 DATA 40,8,62,1,195,66,64,205,199,66
12810 DATA 58,10,107,254,6,202,61,64,254,2
12820 DATA 202,61,64,195,31,64,42,22,107,35
12830 DATA 35,126,50,0,107,35,126,50,2,107
12840 DATA 35,86,221,42,0,107,221,94,0,203
12850 DATA 106,32,45,123,230,7,254,5,40,43
12860 DATA 254,6,40,54,253,42,2,107,203,219
12870 DATA 253,115,0,221,54,0,0,203,114,32
12880 DATA 49,122,230,7,254,5,192,33,208,107
12890 DATA 203,122,40,1,35,175,119,201,203,211
12900 DATA 195,249,64,33,208,107,203,123,40,1
12910 DATA 35,58,2,107,119,195,249,64,33,206
12920 DATA 107,203,114,40,237,203,227,195,35,65
12930 DATA 42,22,107,17,8,0,25,195,216,64
12940 DATA 42,22,107,35,35,126,50,0,107,35
12950 DATA 126,50,2,107,35,86,221,42,2,107
12960 DATA 221,94,0,203,106,32,51,123,230,7
12970 DATA 254,5,40,54,254,6,40,65,203,98
12980 DATA 32,41,253,42,0,107,253,115,0,122
12990 DATA 230,143,221,119,0,203,114,32,56,122
13000 DATA 230,7,254,5,192,33,208,107,203,122
13010 DATA 40,1,35,58,2,107,119,201,203,147
13020 DATA 195,107,65,203,155,195,111,65,33,208
13030 DATA 107,203,123,40,1,35,58,0,107,119
13040 DATA 195,107,65,33,206,107,203,114,40,237
13050 DATA 203,163,195,160,65,42,22,107,17,8
13060 DATA 0,25,195,74,65,174,230,135,254,129
13070 DATA 32,1,61,230,7,50,8,107,253,42
13080 DATA 8,107,253,70,159,253,126,152,50,16
13090 DATA 107,253,42,16,107,253,78,128,58,0
13100 DATA 107,50,2,107,33,2,107,126,129,119
13110 DATA 42,2,107,126,254,255,40,49,50,39
13120 DATA 107,230,7,50,10,107,202,14,66,58
13130 DATA 39,107,33,38,107,174,242,40,66,62
13140 DATA 1,167,8,58,8,107,254,2,56,30
13150 DATA 205,129,66,8,32,11,58,8,107,254
13160 DATA 6,40,4,254,3,48,193,253,35,16
13170 DATA 180,58,8,107,254,6,204,29,68,201
13180 DATA 120,254,3,56,44,40,34,8,32,233
13190 DATA 58,2,107,254,91,48,4,254,29,48
13200 DATA 5,33,39,107,203,238,205,129,66,253
13210 DATA 35,5,33,38,107,203,94,40,141,24
13220 DATA 202,8,32,199,205,129,66,24,194,8
13230 DATA 40,18,58,2,107,254,91,48,4,254
13240 DATA 29,48,237,33,39,107,203,238,24,230
13250 DATA 205,155,68,195,40,66,237,91,30,107
13260 DATA 33,248,121,167,237,82,56,51,42,28
13270 DATA 107,237,83,28,107,115,35,114,33,38
13280 DATA 107,203,94,32,5,33,39,107,203,230
13290 DATA 235,54,0,35,54,0,35,58,0,107
13300 DATA 119,35,58,2,107,119,35,58,39,107
13310 DATA 119,35,54,0,35,34,30,107,201,54
13320 DATA 0,35,54,0,43,201,197,213,58,18
13330 DATA 107,167,196,240,67,221,42,10,107,33
13340 DATA 172,107,1,0,0,58,39,107,203,127
13350 DATA 40,2,14,7,230,7,209,213,95,203
13360 DATA 122,40,2,30,5,9,52,22,0,25
13370 DATA 126,230,15,40,17,126,230,240,40,3
13380 DATA 35,24,9,237,111,221,126,165,237,103
13390 DATA 24,5,221,126,165,237,111,209,193,201
13400 DATA 175,50,18,107,17,206,107,26,167,202
13410 DATA 236,67,254,255,200,50,4,107,221,42
13420 DATA 4,107,221,126,0,50,38,107,6,8
13430 DATA 175,50,16,107,253,42,16,107,58,4
13440 DATA 107,50,2,107,175,50,6,107,253,78
13450 DATA 128,33,2,107,126,129,119,221,42,2
13460 DATA 107,221,126,0,254,255,202,230,67,50
13470 DATA 39,107,230,7,50,10,107,40,228,58
13480 DATA 39,107,33,38,107,174,58,6,107,242
13490 DATA 145,67,167,202,230,67,58,10,107,254
13500 DATA 5,202,158,67,111,120,254,5,56,9
13510 DATA 125,254,3,194,230,67,195,213,67,125
13520 DATA 254,4,194,230,67,195,213,67,167,194
13530 DATA 230,67,58,2,107,50,6,107,195,68
13540 DATA 67,58,38,107,230,7,254,5,32,46
13550 DATA 197,213,253,229,175,6,14,33,172,107
13560 DATA 119,35,16,252,62,7,50,8,107,205
13570 DATA 9,64,33,172,107,17,179,107,58,38
13580 DATA 107,242,202,67,235,126,235,150,61,253
13590 DATA 225,209,193,195,230,67,33,18,107,52
13600 DATA 221,42,18,107,221,113,195,58,6,107
13610 DATA 221,119,185,253,35,5,194,55,67,19
13620 DATA 195,24,67,81,30,0,79,6,0,58
13630 DATA 2,107,33,186,107,237,177,192,8,203
13640 DATA 67,32,21,203,195,229,221,225,221,126
13650 DATA 9,186,40,5,237,68,186,32,5,8
13660 DATA 234,252,67,201,241,209,193,201,58,38
13670 DATA 107,203,95,192,58,48,107,167,192,1
13680 DATA 3,255,58,0,107,129,79,50,4,107
13690 DATA 221,42,4,107,221,126,0,230,127,254
13700 DATA 4,32,81,121,24,30,221,42,4,107
13710 DATA 221,126,0,167,32,68,58,4,107,254
13720 DATA 22,40,13,254,92,40,9,205,9,64
13730 DATA 167,32,51,58,4,107,128,50,4,107
13740 DATA 33,0,107,190,32,216,144,144,50,2
13750 DATA 107,33,39,107,54,64,205,129,66,33
13760 DATA 0,107,126,113,144,50,2,107,175,50
13770 DATA 39,107,205,129,66,205,0,69,58,4
13780 DATA 107,50,0,107,120,254,1,200,1,252
13790 DATA 1,195,43,68,58,0,107,33,38,107
13800 DATA 203,126,40,2,198,10,254,61,216,254
13810 DATA 69,208,221,42,22,107,221,203,4,102
13820 DATA 200,221,126,3,50,6,107,221,42,6
13830 DATA 107,221,126,0,50,40,107,230,7,254
13840 DATA 1,192,58,6,107,33,2,107,150,242
13850 DATA 215,68,237,68,254,10,192,33,39,107
13860 DATA 203,246,205,129,66,58,0,107,50,4
13870 DATA 107,58,6,107,50,0,107,50,2,107
13880 DATA 58,40,107,50,39,107,205,129,66,58
13890 DATA 4,107,50,0,107,42,28,107,17,250
13900 DATA 255,25,34,28,107,54,0,35,54,0
13910 DATA 201,58,43,107,254,1,192,58,44,107
13920 DATA 254,1,32,11,62,0,50,42,107,58
13930 DATA 36,107,167,40,46,58,42,107,205,138
13940 DATA 69,35,35,35,35,126,254,0,40,77
13950 DATA 229,205,138,69,35,221,42,22,107,221
13960 DATA 126,2,190,32,7,221,126,3,35,190
13970 DATA 40,4,225,35,24,225,225,126,50,42
13980 DATA 107,58,42,107,205,138,69,35,35,35
13990 DATA 35,126,254,0,40,31,50,42,107,205
14000 DATA 37,58,40,6,35,126,254,0,32,242
14010 DATA 58,42,107,205,138,69,43,34,26,107
14020 DATA 33,122,109,54,0,241,201,62,0,50
14030 DATA 43,107,201,33,156,69,71,120,254,0
14040 DATA 200,35,126,254,0,32,250,35,5,24
14050 DATA 242,0,255,255,255,1,2,0,1,35
14060 DATA 55,16,3,8,11,14,0,2,34,54
14070 DATA 16,17,20,0,3,85,65,16,4,0
14080 DATA 4,27,46,16,5,0,5,92,73,16
14090 DATA 6,0,6,26,62,16,7,0,7,81
14100 DATA 71,16,0,8,83,63,16,9,0,9
14110 DATA 27,46,16,10,0,10,92,73,16,0
14120 DATA 11,85,75,16,12,0,12,34,54,16
14130 DATA 13,0,13,84,64,16,23,0,14,83
14140 DATA 73,16,15,0,15,34,54,16,16,0
14150 DATA 16,84,64,16,0,17,84,64,16,18
14160 DATA 0,18,33,53,16,19,26,27,0,19
14170 DATA 97,76,16,0,20,97,76,16,21,0
14180 DATA 21,33,53,16,22,0,22,85,75,16
14190 DATA 29,0,23,22,43,16,24,0,24,97
14200 DATA 76,16,25,0,25,55,65,16,0,26
14210 DATA 83,73,16,28,0,27,85,75,16,28
14220 DATA 0,28,23,56,16,0,29,23,67,1
14230 DATA 0,33,50,107,203,198,205,16,69,205
14240 DATA 50,58,33,193,109,34,34,107,6,20
14250 DATA 175,119,35,16,252,33,173,109,34,32
14260 DATA 107,6,20,175,119,35,16,252,33,53
14270 DATA 107,54,0,33,55,107,203,198,235,33
14280 DATA 54,107,54,0,62,21,50,4,107,221
14290 DATA 42,4,107,221,126,0,254,255,40,15
14300 DATA 167,40,12,230,7,254,5,32,4,235
14310 DATA 203,134,235,134,119,58,4,107,60,254
14320 DATA 99,32,219,33,54,107,126,254,47,48
14330 DATA 30,33,53,107,203,198,58,55,107,167
14340 DATA 40,19,58,166,107,254,2,40,29,6
14350 DATA 6,33,166,107,203,38,35,16,251,24
14360 DATA 17,58,166,107,254,1,40,10,6,6
14370 DATA 33,166,107,203,46,35,16,251,58,55
14380 DATA 107,167,40,14,58,54,107,254,31,48
14390 DATA 7,58,45,107,60,195,250,70,58,45
14400 DATA 107,50,46,107,175,50,50,107,50,47
14410 DATA 107,50,67,107,50,68,107,50,69,107
14420 DATA 50,82,0,50,83,0,33,0,0,34
14430 DATA 26,107,33,0,114,34,30,107,33,131
14440 DATA 109,34,20,107,33,121,109,34,24,107
14450 DATA 58,46,107,198,2,71,175,119,35,16
14460 DATA 252,50,64,107,50,65,107,50,59,107
14470 DATA 205,17,67,205,194,76,58,57,107,50
14480 DATA 64,107,58,63,107,50,65,107,58,58
14490 DATA 107,50,59,107,33,47,107,52,175,50
14500 DATA 49,107,42,34,107,35,35,34,34,107
14510 DATA 42,32,107,35,35,34,32,107,205,172
14520 DATA 63,33,46,107,62,1,190,40,71,58
14530 DATA 47,107,254,1,32,5,205,46,79,24
14540 DATA 59,205,82,75,33,46,107,58,47,107
14550 DATA 190,40,2,48,45,175,50,51,107,50
14560 DATA 52,107,221,42,22,107,221,70,5,197
14570 DATA 221,229,205,17,67,205,197,76,221,225
14580 DATA 193,221,112,5,42,24,107,214,6,237
14590 DATA 68,35,190,48,5,33,51,107,203,198
14600 DATA 42,20,107,34,22,107,231,54,48,11
14610 DATA 30,3,62,12,231,48,62,1,50,69
14620 DATA 107,58,67,97,167,40,27,58,68,107
14630 DATA 167,32,21,58,82,0,254,50,56,14
14640 DATA 62,1,50,68,107,58,69,107,167,32
14650 DATA 3,205,181,54,58,67,107,167,40,14
14660 DATA 58,47,107,254,1,32,7,58,69,107
14670 DATA 167,194,126,73,42,22,107,94,35,86
14680 DATA 122,167,202,133,72,237,83,22,107,42
14690 DATA 20,107,115,35,114,58,47,107,33,46
14700 DATA 107,190,56,43,205,211,64,205,235,63
14710 DATA 167,40,6,205,69,65,195,199,71,33
14720 DATA 50,107,203,198,58,47,107,33,46,107
14730 DATA 190,32,121,58,37,107,238,128,205,238
14740 DATA 63,167,40,110,195,99,72,205,211,64
14750 DATA 205,235,63,167,40,6,205,69,65,195
14760 DATA 199,71,33,50,107,203,198,33,37,107
14770 DATA 62,128,174,119,203,127,32,4,33,44
14780 DATA 107,52,42,24,107,126,35,35,119,43
14790 DATA 34,24,107,195,87,71,58,49,107,167
14800 DATA 32,30,58,48,107,167,62,128,202,33
14810 DATA 73,58,44,107,50,41,107,58,47,107
14820 DATA 254,3,62,255,218,33,73,62,254,195
14830 DATA 33,73,58,47,107,254,1,202,126,73
14840 DATA 205,234,78,42,24,107,35,35,126,43
14850 DATA 43,195,41,73,33,46,107,58,47,107
14860 DATA 190,32,77,62,1,190,40,72,58,51
14870 DATA 107,167,40,66,221,42,22,107,221,126
14880 DATA 5,254,13,48,55,221,126,4,230,7
14890 DATA 32,48,221,203,4,110,32,42,33,53
14900 DATA 107,167,40,9,221,126,4,230,7,254
14910 DATA 1,40,27,58,52,107,60,50,52,107
14920 DATA 6,3,33,46,107,203,70,32,2,6
14930 DATA 5,184,56,6,205,69,65,195,199,71
14940 DATA 205,17,67,205,194,76,205,69,65,58
14950 DATA 56,107,33,49,107,203,198,42,24,107
14960 DATA 190,56,68,40,66,237,68,35,190,218
14970 DATA 199,71,202,199,71,119,58,47,107,203
14980 DATA 71,196,133,73,58,47,107,254,1,194
14990 DATA 199,71,42,22,107,34,26,107,62,1
15000 DATA 50,67,107,58,122,109,254,255,194,199
15010 DATA 71,33,46,107,53,53,58,36,107,203
15020 DATA 127,202,126,73,33,41,107,53,195,126
15030 DATA 73,58,47,107,203,71,204,133,73,205
15040 DATA 234,78,195,199,71,205,50,58,205,170
15050 DATA 54,201,221,42,22,107,221,126,4,230
15060 DATA 7,42,34,107,32,3,42,32,107,221
15070 DATA 126,2,119,35,221,126,3,119,201,221
15080 DATA 42,22,107,221,126,4,230,7,40,21
15090 DATA 42,34,107,221,126,2,190,32,12,221
15100 DATA 126,3,35,190,32,5,6,16,195,66
15110 DATA 75,33,0,109,221,110,2,126,230,7
15120 DATA 254,3,126,32,1,61,50,38,107,203
15130 DATA 127,194,89,74,221,126,4,230,7,40
15140 DATA 41,135,135,135,135,71,33,0,111,221
15150 DATA 110,3,126,167,40,3,242,66,75,221
15160 DATA 126,4,230,7,254,3,32,1,61,79
15170 DATA 58,38,107,230,7,185,218,66,75,202
15180 DATA 57,75,33,0,111,221,110,3,126,203
15190 DATA 127,194,74,75,167,32,19,17,0,113
15200 DATA 93,235,126,167,40,10,58,38,107,230
15210 DATA 7,254,1,194,74,75,17,0,113,93
15220 DATA 235,175,190,40,11,58,38,107,230,7
15230 DATA 190,40,3,210,74,75,33,0,113,221
15240 DATA 110,2,175,190,202,215,74,58,38,107
15250 DATA 230,7,190,202,215,74,218,215,74,6
15260 DATA 15,195,66,75,221,126,4,230,7,40
15270 DATA 41,135,135,135,135,71,33,0,111,221
15280 DATA 110,3,126,167,40,3,250,66,75,221
15290 DATA 126,4,230,7,254,3,32,1,61,79
15300 DATA 58,38,107,230,7,185,218,66,75,202
15310 DATA 57,75,33,0,111,221,110,3,126,167
15320 DATA 250,170,74,194,74,75,17,0,112,93
15330 DATA 235,126,167,40,10,58,38,107,230,7
15340 DATA 254,1,194,74,75,17,0,112,93,235
15350 DATA 175,190,40,11,58,38,107,230,7,190
15360 DATA 40,3,210,74,75,33,0,112,221,110
15370 DATA 2,175,190,40,15,58,38,107,230,7
15380 DATA 190,40,7,56,5,6,15,195,66,75
15390 DATA 42,32,107,221,126,2,190,32,12,35
15400 DATA 221,126,3,190,32,5,6,14,195,66
15410 DATA 75,58,53,107,167,40,35,33,0,109
15420 DATA 221,110,2,126,230,7,254,6,32,5
15430 DATA 33,0,96,24,39,254,1,32,13,126
15440 DATA 33,0,94,203,127,32,27,33,0,95
15450 DATA 24,22,33,0,109,221,110,2,126,33
15460 DATA 0,82,203,127,32,3,33,0,88,230
15470 DATA 7,61,132,103,221,110,3,126,221,110
15480 DATA 2,150,198,6,71,195,66,75,120,61
15490 DATA 50,56,107,221,119,5,201,120,50,56
15500 DATA 107,221,119,5,201,175,50,56,107,221
15510 DATA 119,5,201,205,145,75,237,75,20,107
15520 DATA 17,0,0,96,105,78,35,70,114,43
15530 DATA 115,175,184,200,237,67,22,107,205,160
15540 DATA 73,42,20,107,237,75,22,107,94,35
15550 DATA 86,175,186,40,11,213,221,225,58,56
15560 DATA 107,221,190,5,56,6,112,43,113,195
15570 DATA 92,75,235,195,117,75,175,6,120,17
15580 DATA 0,111,33,0,112,18,119,36,119,37
15590 DATA 19,35,16,247,62,21,50,0,107,42
15600 DATA 0,107,126,167,40,10,254,255,40,6
15610 DATA 50,38,107,205,194,75,58,0,107,60
15620 DATA 254,99,32,228,201,230,135,254,129,32
15630 DATA 1,61,230,7,50,8,107,253,42,8
15640 DATA 107,253,70,159,253,126,152,50,16,107
15650 DATA 253,42,16,107,253,78,128,58,0,107
15660 DATA 50,2,107,33,2,107,126,129,119,42
15670 DATA 2,107,126,254,255,40,43,230,7,50
15680 DATA 10,107,40,9,58,38,107,174,242,52
15690 DATA 76,62,1,167,8,58,8,107,254,2
15700 DATA 56,23,205,129,76,8,32,12,58,8
15710 DATA 107,254,6,40,5,254,3,210,232,75
15720 DATA 253,35,16,186,201,120,254,3,56,3
15730 DATA 8,24,243,8,205,129,76,24,237,62
15740 DATA 1,167,8,58,8,107,254,2,56,231
15750 DATA 205,129,76,8,58,10,107,254,3,40
15760 DATA 10,254,4,40,21,254,5,40,32,24
15770 DATA 205,58,8,107,254,5,32,198,120,254
15780 DATA 5,210,232,75,24,190,58,8,107,254
15790 DATA 5,32,16,120,254,5,218,232,75,24
15800 DATA 175,58,8,107,254,3,202,232,75,254
15810 DATA 4,202,232,75,24,160,197,33,0,111
15820 DATA 17,0,112,1,0,113,58,2,107,111
15830 DATA 95,79,58,38,107,203,127,32,21,52
15840 DATA 230,7,254,3,32,2,62,2,103,26
15850 DATA 167,40,3,188,56,23,124,18,24,19
15860 DATA 53,230,7,254,3,32,2,62,2,103
15870 DATA 10,167,40,3,188,56,2,124,2,193
15880 DATA 201,205,145,75,33,82,0,52,175,50
15890 DATA 63,107,50,57,107,50,58,107,50,60
15900 DATA 107,50,61,107,50,62,107,50,66,107
15910 DATA 33,8,107,54,7,62,21,50,4,107
15920 DATA 221,42,4,107,221,126,0,254,255,202
15930 DATA 89,78,33,38,107,119,230,7,50,12
15940 DATA 107,254,2,56,83,254,4,56,62,254
15950 DATA 6,40,36,254,5,32,22,58,44,107
15960 DATA 254,10,48,15,203,94,40,11,62,244
15970 DATA 203,126,40,2,62,12,195,80,77,58
15980 DATA 44,107,254,8,56,18,195,85,77,203
15990 DATA 102,40,11,62,9,203,126,40,24,62
16000 DATA 247,195,80,77,203,94,40,20,195,72
16010 DATA 77,203,94,32,13,62,252,203,126,40
16020 DATA 2,62,4,33,57,107,134,119,33,0
16030 DATA 111,17,0,80,58,4,107,111,95,26
16040 DATA 167,71,126,40,10,33,53,107,203,70
16050 DATA 32,3,135,16,246,33,57,107,134,119
16060 DATA 58,38,107,167,202,89,78,203,127,33
16070 DATA 0,112,32,3,33,0,113,107,126,167
16080 DATA 32,20,58,38,107,230,7,50,12,107
16090 DATA 221,42,12,107,221,86,165,203,34,195
16100 DATA 217,77,175,6,14,33,172,107,119,35
16110 DATA 16,252,205,9,64,205,118,79,175,187
16120 DATA 40,38,21,58,38,107,33,37,107,174
16130 DATA 203,127,123,32,123,33,60,107,190,218
16140 DATA 74,78,115,221,42,22,107,58,4,107
16150 DATA 221,190,3,32,118,50,66,107,24,113
16160 DATA 221,42,4,107,58,53,107,167,40,49
16170 DATA 221,126,0,230,7,254,6,32,5,33
16180 DATA 0,96,24,53,254,1,32,31,221,126
16190 DATA 0,33,0,94,203,127,32,3,33,0
16200 DATA 95,58,4,107,133,111,126,135,221,203
16210 DATA 0,126,40,37,237,68,195,52,78,221
16220 DATA 126,0,33,0,82,203,127,32,3,33
16230 DATA 0,88,230,7,61,132,103,58,4,107
16240 DATA 133,111,126,221,203,0,126,40,2,237
16250 DATA 68,33,58,107,134,119,24,15,33,61
16260 DATA 107,190,56,2,126,115,33,62,107,190
16270 DATA 56,1,119,33,38,107,203,126,122,40
16280 DATA 2,237,68,33,63,107,134,119,58,4
16290 DATA 107,60,254,99,194,230,76,58,66,107
16300 DATA 167,40,10,58,62,107,50,61,107,175
16310 DATA 50,62,107,58,60,107,167,40,1,61
16320 DATA 71,58,61,107,167,40,9,58,62,107
16330 DATA 167,40,3,61,203,63,144,33,37,107
16340 DATA 203,126,40,2,237,68,33,63,107,134
16350 DATA 33,65,107,150,71,62,14,205,220,78
16360 DATA 95,58,57,107,33,64,107,150,71,58
16370 DATA 58,107,33,59,107,150,128,71,58,66
16380 DATA 107,167,40,2,6,0,62,12,205,220
16390 DATA 78,87,123,135,135,135,130,33,37,107
16400 DATA 203,126,32,2,237,68,198,128,50,56
16410 DATA 107,221,42,22,107,221,119,5,201,203
16420 DATA 120,40,6,237,68,184,208,120,201,184
16430 DATA 216,120,201,33,37,107,62,128,174,119
16440 DATA 203,127,40,4,33,44,107,53,42,24
16450 DATA 107,43,34,24,107,33,47,107,53,42
16460 DATA 20,107,43,86,43,94,237,83,30,107
16470 DATA 43,86,43,94,34,20,107,237,83,22
16480 DATA 107,42,34,107,43,43,34,34,107,42
16490 DATA 32,107,43,43,34,32,107,205,69,65
16500 DATA 201,237,75,20,107,17,0,0,96,105
16510 DATA 78,35,70,114,43,115,175,184,200,237
16520 DATA 67,22,107,205,105,79,42,20,107,237
16530 DATA 75,22,107,94,35,86,175,186,40,11
16540 DATA 213,221,225,58,56,107,221,190,5,48
16550 DATA 6,112,43,113,195,53,79,235,24,229
16560 DATA 205,211,64,205,17,67,205,194,76,205
16570 DATA 69,65,201,217,58,38,107,33,172,107
16580 DATA 17,179,107,203,127,40,1,235,70,235
16590 DATA 78,235,217,14,0,30,0,221,42,12
16600 DATA 107,221,86,165,203,34,66,205,201,79
16610 DATA 40,43,111,205,201,79,40,20,8,120
16620 DATA 189,48,17,8,189,56,28,205,201,79
16630 DATA 40,23,111,205,201,79,32,242,8,120
16640 DATA 203,65,40,2,237,68,131,95,8,40
16650 DATA 4,69,195,157,79,201,12,217,120,65
16660 DATA 79,235,175,184,40,9,5,35,190,40
16670 DATA 252,237,103,135,43,217,201,0,0,0
16680 DATA 0,0,0,0,0,0,0,0,0,0
16690 DATA 0,0,0,0,0,0,0,0,0,0
16700 DATA 0,0,0,0,0,0,0,0,0,0
16710 DATA 0,0,0,0,0,0,0,0,0,0
16720 DATA 0,1,1,1,1,0,0,0,0,0
16730 DATA 0,1,2,2,1,0,0,0,0,0
16740 DATA 0,1,2,2,1,0,0,0,0,0
16750 DATA 0,1,1,1,1,0,0,0,0,0
16760 DATA 0,0,0,0,0,0,0,0,0,0
16770 DATA 0,0,0,0,0,0,0,0,0,0
16780 DATA 0,0,0,0,0,0,0,0,0,0
16790 DATA 0,0,0,0,0,0,0,0,17,172
16800 DATA 62,62,36,205,113,93,205,100,92,205
16810 DATA 100,94,254,87,62,128,40,1,151,50
16820 DATA 36,107,17,39,63,62,25,205,113,93
16830 DATA 205,100,92,205,100,94,33,45,107,254
16840 DATA 48,250,144,80,254,55,242,144,80,214
16850 DATA 48,119,52,17,209,62,62,20,205,113
16860 DATA 93,205,100,92,254,70,62,1,40,1
16870 DATA 175,50,67,97,201,205,217,54,103,205
16880 DATA 241,54,111,205,115,84,50,223,96,62
16890 DATA 45,205,100,93,205,217,54,103,205,241
16900 DATA 54,111,205,115,84,50,224,96,205,100
16910 DATA 85,167,32,97,205,100,87,120,167,40
16920 DATA 52,205,198,54,205,198,54,205,198,54
16930 DATA 205,198,54,205,198,54,203,72,40,10
16940 DATA 17,239,62,62,5,205,113,93,24,23
16950 DATA 203,80,40,11,17,244,62,62,5,205
16960 DATA 113,93,195,39,81,17,83,63,62,5
16970 DATA 205,113,93,58,36,107,50,37,107,205
16980 DATA 50,58,205,235,63,245,205,50,58,241
16990 DATA 167,200,205,100,94,205,36,62,17,2
17000 DATA 63,62,5,205,113,93,33,4,122,52
17010 DATA 201,33,4,122,52,205,1,62,17,88
17020 DATA 63,62,14,205,122,93,205,21,62,195
17030 DATA 197,80,0,0,0,0,0,0,0,0
17040 DATA 0,0,0,0,0,0,0,0,0,0
17050 DATA 0,0,0,0,0,0,0,0,0,0
17060 DATA 0,0,0,2,2,3,4,4,3,2
17070 DATA 2,0,0,1,1,2,3,3,2,1
17080 DATA 1,0,0,0,0,1,2,2,1,0
17090 DATA 0,0,0,0,0,0,1,1,0,0
17100 DATA 0,0,0,0,0,0,0,0,0,0
17110 DATA 0,0,0,0,0,0,0,0,0,0
17120 DATA 0,0,0,0,0,0,0,0,0,0
17130 DATA 0,0,0,0,0,0,0,0,0,0
17140 DATA 0,0,0,0,0,0,0,0,0,0
17150 DATA 0,0,0,0,0,0,0,0,0,0
17160 DATA 0,0,0,0,0,3,0,0,3,0
17170 DATA 0,0,0,0,2,4,4,4,4,2
17180 DATA 0,0,0,0,0,3,3,3,3,0
17190 DATA 0,0,0,0,0,0,2,2,0,0
17200 DATA 0,0,0,0,0,1,0,0,1,0
17210 DATA 0,0,0,0,0,0,0,0,0,0
17220 DATA 0,0,0,0,0,0,0,0,0,0
17230 DATA 0,0,58,44,107,71,58,41,107,144
17240 DATA 167,32,52,203,65,40,21,205,100,94
17250 DATA 17,7,63,62,4,205,122,93,17,27
17260 DATA 63,62,7,205,122,93,24,16,17,7
17270 DATA 63,62,4,205,122,93,17,34,63,62
17280 DATA 5,205,122,93,225,225,205,100,92,205
17290 DATA 171,92,195,4,54,203,65,192,205,100
17300 DATA 94,198,48,245,17,7,63,62,8,205
17310 DATA 113,93,241,205,100,93,205,100,94,205
17320 DATA 36,62,201,0,0,0,0,0,0,0
17330 DATA 0,0,0,0,0,0,0,0,0,0
17340 DATA 0,0,0,0,0,0,0,0,0,0
17350 DATA 0,0,0,0,0,1,1,1,1,1
17360 DATA 1,0,0,0,0,1,2,2,2,2
17370 DATA 1,0,0,0,0,0,1,2,2,1
17380 DATA 0,0,0,0,0,0,1,2,2,1
17390 DATA 0,0,0,0,0,0,1,0,0,1
17400 DATA 0,0,0,0,0,1,0,0,0,0
17410 DATA 1,0,0,0,0,0,0,0,0,0
17420 DATA 0,0,0,151,30,10,205,100,86,21
17430 DATA 198,96,111,122,198,48,103,201,125,214
17440 DATA 48,60,87,30,10,205,118,86,124,214
17450 DATA 64,130,201,0,0,0,0,0,0,0
17460 DATA 0,0,0,0,0,0,0,0,0,0
17470 DATA 0,0,0,0,2,2,2,2,2,2
17480 DATA 2,2,0,0,5,5,5,5,5,5
17490 DATA 5,5,0,0,0,0,3,3,3,3
17500 DATA 0,0,0,0,0,0,2,2,2,2
17510 DATA 0,0,0,0,0,0,2,2,2,2
17520 DATA 0,0,0,0,0,0,0,0,0,0
17530 DATA 0,0,0,0,0,0,2,2,2,2
17540 DATA 0,0,0,0,0,0,1,1,1,1
17550 DATA 0,0,0,42,22,107,229,58,36,107
17560 DATA 238,128,50,37,107,33,131,109,34,20
17570 DATA 107,33,0,118,34,30,107,205,50,58
17580 DATA 205,172,63,221,33,0,118,58,223,96
17590 DATA 221,190,2,32,8,58,224,96,221,190
17600 DATA 3,40,15,221,94,0,221,86,1,175
17610 DATA 186,40,25,213,221,225,24,225,221,34
17620 DATA 22,107,205,211,64,205,235,63,167,32
17630 DATA 4,225,195,191,85,205,69,65,62,1
17640 DATA 225,34,22,107,229,245,205,50,58,241
17650 DATA 225,201,0,0,0,0,0,0,0,0
17660 DATA 0,0,0,0,0,0,0,0,0,0
17670 DATA 0,0,0,0,0,0,0,0,0,0
17680 DATA 0,0,0,0,0,0,0,0,0,0
17690 DATA 0,0,0,0,0,0,0,0,0,0
17700 DATA 0,0,0,0,0,0,0,0,0,0
17710 DATA 0,0,0,0,0,0,0,0,0,0
17720 DATA 0,0,0,0,0,0,0,0,0,0
17730 DATA 0,0,0,0,0,0,0,0,0,0
17740 DATA 0,0,0,0,0,0,0,0,0,0
17750 DATA 0,0,197,6,8,203,34,23,147,250
17760 DATA 113,86,20,24,1,131,16,243,193,201
17770 DATA 197,151,6,8,203,66,40,1,131,203
17780 DATA 47,203,26,16,245,193,201,0,0,0
17790 DATA 0,0,0,0,0,0,0,0,0,0
17800 DATA 0,0,0,0,0,0,0,0,0,0
17810 DATA 0,0,0,0,0,0,0,0,0,0
17820 DATA 0,0,0,0,0,0,0,0,0,0
17830 DATA 0,0,0,0,0,0,0,0,0,0
17840 DATA 0,0,0,0,0,0,0,0,0,0
17850 DATA 0,0,0,0,0,0,0,0,0,0
17860 DATA 0,0,0,0,0,0,0,0,0,0
17870 DATA 0,0,0,0,0,0,0,0,0,0
17880 DATA 0,0,0,0,0,0,0,221,229,245
17890 DATA 221,42,22,107,221,78,2,221,94,3
17900 DATA 221,86,4,6,0,203,114,40,36,17
17910 DATA 6,0,221,25,221,78,2,221,94,3
17920 DATA 123,185,32,3,4,24,18,254,26,32
17930 DATA 4,203,200,24,10,254,96,32,4,203
17940 DATA 200,24,2,203,208,205,100,88,241,221
17950 DATA 225,201,0,0,0,0,0,0,0,0
17960 DATA 0,0,0,0,0,0,0,0,0,0
17970 DATA 0,0,0,0,0,0,0,0,0,0
17980 DATA 0,0,0,0,0,0,0,0,0,0
17990 DATA 0,0,0,0,0,0,0,0,0,0
18000 DATA 0,0,0,0,0,0,1,1,0,0
18010 DATA 0,0,0,0,0,1,2,2,1,0
18020 DATA 0,0,0,1,1,2,3,3,2,1
18030 DATA 1,0,0,2,2,3,4,4,3,2
18040 DATA 2,0,0,0,0,0,0,0,0,0
18050 DATA 0,0,245,197,213,229,205,90,59,225
18060 DATA 209,193,241,201,175,6,8,221,33,0
18070 DATA 109,221,119,21,221,119,31,221,119,41
18080 DATA 221,119,51,221,119,61,221,119,71,221
18090 DATA 119,81,221,119,91,221,35,16,228,221
18100 DATA 33,0,109,221,54,25,6,221,54,95
18110 DATA 134,205,100,89,201,0,0,0,0,0
18120 DATA 0,0,0,0,0,0,0,0,0,0
18130 DATA 0,0,0,0,0,0,0,0,0,0
18140 DATA 0,0,0,0,0,0,0,0,0,0
18150 DATA 0,0,0,0,0,0,0,0,1,0
18160 DATA 0,1,0,0,0,0,0,0,0,2
18170 DATA 2,0,0,0,0,0,0,0,3,3
18180 DATA 3,3,0,0,0,0,0,2,4,4
18190 DATA 4,4,2,0,0,0,0,0,3,0
18200 DATA 0,3,0,0,0,0,0,0,0,0
18210 DATA 0,0,0,0,0,33,206,107,6,4
18220 DATA 54,0,35,16,251,62,21,50,0,107
18230 DATA 33,206,107,221,42,0,107,221,126,0
18240 DATA 203,127,40,1,35,230,7,254,6,40
18250 DATA 6,254,5,32,6,35,35,58,0,107
18260 DATA 119,58,0,107,60,254,99,32,214,201
18270 DATA 0,0,0,0,0,0,0,0,0,0
18280 DATA 0,0,0,0,0,0,0,0,0,0
18290 DATA 0,0,0,0,0,0,0,0,0,0
18300 DATA 0,0,1,0,0,0,0,1,0,0
18310 DATA 0,0,0,1,0,0,1,0,0,0
18320 DATA 0,0,0,1,2,2,1,0,0,0
18330 DATA 0,0,0,1,2,2,1,0,0,0
18340 DATA 0,0,1,2,2,2,2,1,0,0
18350 DATA 0,0,1,1,1,1,1,1,0,0
18360 DATA 0,0,0,0,0,0,0,0,0,0
18370 DATA 205,171,92,62,3,205,113,94,58,36
18380 DATA 107,167,62,5,32,16,17,229,62,205
18390 DATA 113,93,62,1,205,113,94,17,234,62
18400 DATA 24,14,17,234,62,205,113,93,62,1
18410 DATA 205,113,94,17,229,62,62,5,205,122
18420 DATA 93,201,0,0,0,0,0,0,0,0
18430 DATA 0,0,0,0,0,0,0,0,0,0
18440 DATA 0,0,0,0,0,1,1,1,1,0
18450 DATA 0,0,0,0,0,2,2,2,2,0
18460 DATA 0,0,0,0,0,2,2,2,2,0
18470 DATA 0,0,0,0,0,2,2,2,2,0
18480 DATA 0,0,0,0,0,2,2,2,2,0
18490 DATA 0,0,0,0,0,3,3,3,3,0
18500 DATA 0,0,0,5,5,5,5,5,5,5
18510 DATA 5,0,0,2,2,2,2,2,2,2
18520 DATA 2,0,42,119,0,17,0,98,1,0
18530 DATA 8,237,176,33,0,98,34,119,0,221
18540 DATA 33,253,60,14,0,17,0,1,33,0
18550 DATA 98,6,0,9,6,8,221,126,0,119
18560 DATA 25,221,35,16,247,12,121,254,32,32
18570 DATA 233,6,8,33,148,98,17,0,1,221
18580 DATA 33,171,91,221,126,0,119,221,35,25
18590 DATA 16,247,201,7,7,7,7,7,7,7
18600 DATA 7,0,0,0,0,0,0,0,0,0
18610 DATA 0,0,0,0,0,0,0,0,0,0
18620 DATA 0,0,0,0,0,0,0,0,0,0
18630 DATA 0,0,0,0,0,0,0,0,0,0
18640 DATA 0,0,0,0,0,0,0,0,0,0
18650 DATA 0,0,0,0,0,0,0,0,0,0
18660 DATA 0,0,0,0,0,0,0,0,0,0
18670 DATA 0,0,0,0,0,0,0,0,0,0
18680 DATA 0,0,0,0,0,0,0,0,0,0
18690 DATA 0,0,0,0,0,0,0,0,0,0
18700 DATA 0,197,213,229,221,229,30,0,62,6
18710 DATA 231,48,231,56,221,33,70,97,231,58
18720 DATA 71,230,127,254,97,250,129,92,214,32
18730 DATA 254,65,56,4,254,91,56,8,254,48
18740 DATA 56,226,254,58,48,222,120,245,30,0
18750 DATA 231,48,30,0,62,7,231,48,241,221
18760 DATA 225,225,209,193,230,127,254,97,248,214
18770 DATA 32,201,245,62,31,205,100,93,241,201
18780 DATA 0,0,0,0,0,0,0,0,0,0
18790 DATA 0,0,0,0,0,0,0,0,0,0
18800 DATA 0,0,0,0,0,0,0,0,0,0
18810 DATA 0,0,0,0,0,0,0,0,0,0
18820 DATA 0,0,0,0,0,0,0,0,0,0
18830 DATA 0,0,0,0,0,0,0,0,0,0
18840 DATA 0,0,0,0,0,0,0,0,0,0
18850 DATA 0,0,0,0,0,0,0,0,0,0
18860 DATA 0,0,0,0,0,0,0,0,0,0
18870 DATA 0,0,0,0,0,0,0,0,0,0
18880 DATA 197,213,229,245,30,0,231,48,241,225
18890 DATA 209,193,201,197,213,229,46,0,229,245
18900 DATA 24,7,197,213,229,46,1,229,245,26
18910 DATA 19,213,30,0,231,48,209,241,61,245
18920 DATA 32,243,241,225,245,125,167,196,100,94
18930 DATA 24,212,0,0,0,0,0,0,0,0
18940 DATA 0,0,0,0,0,0,0,0,0,0
18950 DATA 0,0,0,14,14,14,14,14,14,14
18960 DATA 14,0,0,10,10,10,10,10,10,10
18970 DATA 10,0,0,6,6,6,6,6,6,6
18980 DATA 6,0,0,3,3,3,3,3,3,3
18990 DATA 3,0,0,1,1,1,1,1,1,1
19000 DATA 1,0,0,0,0,0,0,0,0,0
19010 DATA 0,0,0,0,0,0,0,0,0,0
19020 DATA 0,0,0,0,0,0,0,0,0,0
19030 DATA 0,0,245,62,28,205,100,93,62,13
19040 DATA 205,100,93,241,201,245,62,32,205,100
19050 DATA 93,241,61,32,246,201,201,0,0,0
19060 DATA 0,0,0,0,0,0,0,0,0,0
19070 DATA 0,0,0,0,0,0,0,0,0,0
19080 DATA 0,0,0,0,0,0,0,0,0,0
19090 DATA 0,0,0,0,0,0,0,0,0,0
19100 DATA 0,0,0,0,0,0,0,0,1,1
19110 DATA 1,1,1,1,1,1,0,0,3,3
19120 DATA 3,3,3,3,3,3,0,0,6,6
19130 DATA 6,6,6,6,6,6,0,0,10,10
19140 DATA 10,10,10,10,10,10,0,0,14,14
19150 DATA 14,14,14,14,14,14,0,6,120,33
19160 DATA 0,109,17,100,96,54,255,62,255,18
19170 DATA 19,35,16,247,6,8,221,33,0,109
19180 DATA 221,126,248,221,119,21,203,255,221,119
19190 DATA 91,221,54,31,1,221,54,81,129,221
19200 DATA 54,41,0,221,54,51,0,221,54,61
19210 DATA 0,221,54,71,0,221,35,16,217,221
19220 DATA 33,206,107,221,54,0,25,221,54,1
19230 DATA 95,221,54,2,24,221,54,3,94,62
19240 DATA 1,50,43,107,50,44,107,201,0,0
19250 DATA 0,0,0,0,0,0,0,0,0,0
19260 DATA 0,0,0,0,0,0,0,0,0,0
19270 DATA 0,0,0,0,0,0,0,0,0,0
19280 DATA 1,1,1,1,1,1,0,0,0,0
19290 DATA 1,2,2,2,2,1,0,0,0,0
19300 DATA 1,2,3,3,2,1,0,0,0,0
19310 DATA 1,2,3,3,2,1,0,0,0,0
19320 DATA 1,2,2,2,2,1,0,0,0,0
19330 DATA 1,1,1,1,1,1,0,0,0,0
19340 DATA 0,0,0,0,0,0,0,0,48,49
19350 DATA 32,32,32,0,16,15,147,147,32,32
19360 DATA 16,0,16,7,2,0,0,0,0,32
19370 DATA 32,148,147,147,147,0,0,9,11,245
19380 DATA 247,10,246,1,255,235,244,8,19,21
19390 DATA 12,248,237,10,10,11,9,246,246,245
19400 DATA 247,20,16,8,0,4,0,0,4,4
19410 DATA 8,4,4,8,8,1,4,4,6,11
19420 DATA 12,0,0,0,0,0,0,0,0,0
19430 DATA 0,0,0,0,0,0,0,0,0,0
19440 DATA 0,0,0,0,0,0,0,0,0,0
19450 DATA 0,0,0,0,0,25,95,24,94,255
19460 DATA 4,2,3,5,6,3,2,4,255,0
19470 DATA 0,0,0,0,0,0,0,0,0,0
19480 DATA 0,0,0,0,0,0,0,0,0,0
19490 DATA 0,0,0,0,0,0,0,0,0,0
19500 DATA 0,0,0,0,0,0,0,0,0,0
19510 DATA 0,0,0,0,0,0,0,0,0,0
19520 DATA 0,0,109,0,109,0,109,0,109,0
19530 DATA 108,0,108,0,108,0,108,0,108,0
19540 DATA 108,133,109,0,0,0,0,0,0,0
19550 DATA 0,0,114,0,0,0,0,0,0,0
19560 DATA 0,0,0,0,0,0,0,0,0,0
19570 DATA 0,0,0,0,0,0,0,0,0,0
19580 DATA 0,0,0,0,0,0,0,0,0,0
