10 Reserve top-122
20 For i=0 to 8191
30 Read a:poke 122+i,a
40 next i
50 ?"type CALL TOP to run your code."
100 END
10000 DATA 47,195,191,129,195,95,128,195,143,128
10010 DATA 195,147,128,195,169,128,195,27,130,195
10020 DATA 79,128,205,194,139,201,126,254,0,200
10030 DATA 229,205,22,128,225,35,24,244,225,205
10040 DATA 26,128,35,229,201,223,60,201,126,183
10050 DATA 200,223,60,35,24,248,126,183,200,254
10060 DATA 10,40,4,254,31,56,4,223,60,24
10070 DATA 5,229,205,242,128,225,35,24,233,71
10080 DATA 205,41,140,32,4,219,6,203,95,120
10090 DATA 22,160,203,182,201,213,197,221,229,229
10100 DATA 205,90,138,32,5,205,95,138,24,16
10110 DATA 205,249,139,254,254,32,9,33,60,0
10120 DATA 54,102,62,25,24,3,205,164,136,225
10130 DATA 221,225,193,209,254,0,192,203,182,35
10140 DATA 126,43,201,205,194,139,201,205,249,139
10150 DATA 201,229,197,205,220,148,193,225,201,229
10160 DATA 197,213,205,203,148,209,193,225,201,213
10170 DATA 245,197,229,33,122,0,53,126,183,40
10180 DATA 5,225,193,241,209,201,54,3,225,229
10190 DATA 66,5,5,17,15,0,25,175,17,123
10200 DATA 0,18,19,18,213,87,95,205,151,128
10210 DATA 209,27,14,0,126,203,127,40,6,245
10220 DATA 121,18,241,203,191,205,159,128,43,12
10230 DATA 16,238,26,87,30,0,205,220,148,195
10240 DATA 181,128,245,38,0,111,17,175,0,205
10250 DATA 90,155,62,10,18,19,62,13,18,19
10260 DATA 175,18,33,175,0,205,209,139,241,201
10270 DATA 229,33,171,0,203,214,33,36,0,203
10280 DATA 214,225,24,18,229,33,171,0,203,150
10290 DATA 33,36,0,203,150,225,24,4,175,211
10300 DATA 7,201,229,33,171,0,126,211,7,62
10310 DATA 5,211,9,225,201,92,67,72,83,69
10320 DATA 84,52,46,67,72,82,0,92,67,72
10330 DATA 83,69,84,50,46,67,72,82,0,6
10340 DATA 2,62,8,205,126,139,33,59,129,1
10350 DATA 184,11,17,0,64,205,93,143,48,1
10360 DATA 118,33,71,129,1,184,11,17,0,80
10370 DATA 205,93,143,48,1,118,62,14,6,2
10380 DATA 205,126,139,201,21,2,0,24,24,40
10390 DATA 64,32,0,2,0,0,0,0,10,0
10400 DATA 0,0,255,0,171,0,0,0,0,177
10410 DATA 33,128,129,17,104,2,1,26,0,237
10420 DATA 176,33,92,0,54,104,35,54,2,201
10430 DATA 229,205,209,139,225,17,244,0,26,213
10440 DATA 205,219,132,209,235,52,201,243,205,28
10450 DATA 129,205,83,129,205,154,129,205,155,132
10460 DATA 33,244,0,54,0,33,125,131,175,205
10470 DATA 219,132,205,14,129,62,1,205,169,139
10480 DATA 33,198,131,205,174,129,33,76,132,205
10490 DATA 174,129,205,84,138,33,89,132,205,174
10500 DATA 129,205,6,147,205,231,149,33,102,132
10510 DATA 205,174,129,205,77,148,33,109,131,205
10520 DATA 193,148,33,122,132,205,174,129,205,139
10530 DATA 138,205,113,136,33,122,0,54,5,33
10540 DATA 243,131,205,209,139,33,60,132,205,209
10550 DATA 139,205,184,148,33,125,131,205,193,148
10560 DATA 33,78,131,62,10,205,219,132,205,87
10570 DATA 130,254,85,204,196,130,254,88,202,167
10580 DATA 130,254,83,204,37,131,254,78,202,126
10590 DATA 130,254,68,204,10,131,195,27,130,175
10600 DATA 205,41,140,40,4,205,249,139,201,205
10610 DATA 90,138,32,241,205,95,138,183,202,87
10620 DATA 130,201,22,0,30,0,205,220,148,201
10630 DATA 22,0,30,1,205,220,148,201,33,224
10640 DATA 0,62,47,119,35,54,0,35,54,0
10650 DATA 205,118,130,33,61,131,205,193,148,205
10660 DATA 249,148,205,21,149,33,6,0,54,254
10670 DATA 35,54,127,175,211,224,195,21,160,205
10680 DATA 184,148,205,118,130,33,164,131,205,193
10690 DATA 148,205,110,130,62,5,205,219,132,17
10700 DATA 169,0,26,111,19,26,103,233,33,151
10710 DATA 131,205,118,130,205,193,148,205,249,139
10720 DATA 111,205,249,139,103,205,249,139,79,205
10730 DATA 249,139,71,17,169,0,125,18,19,124
10740 DATA 18,254,128,40,2,56,2,211,124,229
10750 DATA 205,249,139,119,35,11,120,177,32,246
10760 DATA 211,125,33,136,131,205,184,148,205,193
10770 DATA 148,62,5,205,219,132,225,201,205,249
10780 DATA 139,111,205,249,139,103,205,249,139,79
10790 DATA 205,249,139,71,126,205,194,139,35,11
10800 DATA 120,177,32,246,201,33,176,131,17,130
10810 DATA 2,1,21,0,237,176,33,176,131,17
10820 DATA 194,2,1,21,0,237,176,175,201,60
10830 DATA 67,68,69,83,80,32,50,48,50,50
10840 DATA 45,50,52,62,32,0,85,58,85,80
10850 DATA 44,88,58,82,85,78,44,83,58,68
10860 DATA 73,83,80,44,78,58,78,66,82,79
10870 DATA 77,44,68,58,68,78,0,76,67,68
10880 DATA 32,73,78,73,84,73,65,76,73,90
10890 DATA 69,68,0,87,65,73,84,73,78,71
10900 DATA 46,46,46,0,80,82,71,32,84,82
10910 DATA 65,78,83,70,69,82,69,68,0,82
10920 DATA 69,67,69,73,86,73,78,71,46,46
10930 DATA 46,0,80,82,71,32,69,88,69,67
10940 DATA 85,84,69,0,78,69,87,66,82,65
10950 DATA 73,78,32,83,67,82,69,69,78,32
10960 DATA 82,69,65,68,89,0,78,69,87,66
10970 DATA 82,65,73,78,32,72,65,82,68,87
10980 DATA 65,82,69,32,69,77,85,76,65,84
10990 DATA 79,82,32,67,68,101,115,112,32,50
11000 DATA 48,50,50,45,50,48,50,52,10,13
11010 DATA 0,85,58,85,80,44,88,58,82,85
11020 DATA 78,44,83,58,68,73,83,80,44,78
11030 DATA 58,78,66,82,79,77,44,68,58,68
11040 DATA 78,10,13,0,78,69,87,66,82,65
11050 DATA 73,78,32,66,79,79,84,69,68,32
11060 DATA 79,75,10,13,0,67,76,69,65,82
11070 DATA 73,78,71,32,83,67,82,69,69,78
11080 DATA 46,10,13,0,10,13,87,65,73,84
11090 DATA 73,78,71,46,46,46,10,13,0,0
11100 DATA 10,13,82,83,50,51,50,32,79,75
11110 DATA 10,13,0,75,69,89,66,79,82,68
11120 DATA 32,79,75,10,13,0,73,50,67,32
11130 DATA 79,75,10,13,0,83,79,85,78,68
11140 DATA 32,79,75,10,13,0,76,67,68,32
11150 DATA 49,54,120,50,32,79,75,10,13,0
11160 DATA 229,245,33,252,132,205,222,132,241,225
11170 DATA 201,175,33,9,134,205,219,132,201,6
11180 DATA 25,175,197,205,136,132,60,193,16,248
11190 DATA 205,147,132,201,245,6,8,203,7,245
11200 DATA 62,0,48,2,62,1,198,48,205,193
11210 DATA 132,28,241,16,238,241,201,229,213,245
11220 DATA 197,33,130,2,66,213,17,64,0,25
11230 DATA 16,253,209,67,35,16,253,119,193,241
11240 DATA 209,225,201,205,136,132,229,33,130,2
11250 DATA 183,40,7,71,17,64,0,25,16,253
11260 DATA 235,225,126,183,40,9,254,31,56,2
11270 DATA 18,19,35,24,243,201,32,32,32,32
11280 DATA 32,32,32,32,32,32,32,32,32,32
11290 DATA 32,32,32,32,32,32,32,32,32,32
11300 DATA 32,32,32,32,32,32,32,32,32,32
11310 DATA 32,32,32,32,32,32,32,32,32,32
11320 DATA 32,32,32,32,32,32,32,32,32,32
11330 DATA 32,32,32,32,32,32,32,32,32,32
11340 DATA 32,32,32,32,32,32,32,32,32,32
11350 DATA 32,32,32,32,32,32,32,32,32,32
11360 DATA 32,32,32,32,32,0,32,32,32,32
11370 DATA 32,32,32,32,32,32,32,32,32,32
11380 DATA 32,32,32,32,32,32,32,32,32,32
11390 DATA 32,32,32,32,32,32,32,32,32,32
11400 DATA 32,32,32,32,32,32,32,32,32,32
11410 DATA 32,32,32,32,32,32,32,32,32,32
11420 DATA 32,32,32,32,32,32,32,32,32,32
11430 DATA 32,32,32,32,32,32,32,32,32,32
11440 DATA 32,32,32,32,32,32,32,32,32,32
11450 DATA 32,32,32,32,32,32,32,32,32,32
11460 DATA 32,32,32,32,32,32,32,32,32,32
11470 DATA 32,32,32,32,32,32,32,32,32,32
11480 DATA 32,32,32,32,32,32,32,32,32,32
11490 DATA 32,32,32,32,32,32,32,32,32,32
11500 DATA 32,32,32,32,32,32,32,32,32,32
11510 DATA 32,32,32,32,32,32,32,32,32,32
11520 DATA 32,32,32,32,32,32,32,32,32,32
11530 DATA 32,32,32,32,32,32,32,32,32,32
11540 DATA 32,32,32,32,0,83,67,82,69,69
11550 DATA 78,32,82,69,65,68,89,33,33,33
11560 DATA 0,4,5,4,16,42,10,197,1,1
11570 DATA 0,231,55,193,216,114,175,71,79,201
11580 DATA 243,33,36,0,203,134,126,211,7,62
11590 DATA 1,211,36,205,87,134,175,211,36,219
11600 DATA 32,205,72,229,251,183,201,79,243,205
11610 DATA 28,226,121,205,7,128,205,72,229,251
11620 DATA 43,183,201,33,0,100,219,37,31,216
11630 DATA 16,250,219,37,31,216,45,219,37,31
11640 DATA 216,194,90,134,219,37,31,216,37,219
11650 DATA 37,31,216,194,90,134,241,62,200,55
11660 DATA 201,4,24,27,135,243,106,17,240,0
11670 DATA 237,176,201,229,126,183,40,6,231,47
11680 DATA 119,35,24,246,225,201,62,0,24,2
11690 DATA 62,1,229,197,245,1,16,2,231,55
11700 DATA 209,193,56,65,229,122,119,35,54,0
11710 DATA 35,54,0,35,54,0,35,54,0,35
11720 DATA 229,197,1,20,0,9,193,54,0,35
11730 DATA 54,0,209,221,225,225,213,237,176,175
11740 DATA 18,225,205,137,134,221,126,0,254,0
11750 DATA 32,15,1,0,0,19,243,205,0,141
11760 DATA 205,93,143,251,62,150,216,175,201,225
11770 DATA 55,201,126,254,1,32,18,221,229,229
11780 DATA 221,225,1,5,0,9,221,78,3,221
11790 DATA 70,4,205,163,135,175,71,79,201,221
11800 DATA 229,205,15,135,221,225,201,126,254,0
11810 DATA 62,155,55,192,205,206,135,35,229,78
11820 DATA 35,70,35,94,35,86,35,62,151,218
11830 DATA 233,134,40,14,1,22,0,9,25,126
11840 DATA 225,35,35,19,115,35,114,201,229,209
11850 DATA 235,197,1,22,0,9,193,235,213,243
11860 DATA 205,0,141,205,221,143,251,209,62,152
11870 DATA 218,233,134,225,213,235,26,111,19,26
11880 DATA 103,9,235,114,43,115,35,35,62,1
11890 DATA 119,35,175,119,35,197,1,20,0,9
11900 DATA 193,113,35,112,209,175,26,201,221,229
11910 DATA 229,221,225,87,126,254,0,62,155,55
11920 DATA 40,71,122,1,5,0,9,221,229,209
11930 DATA 235,1,27,0,9,221,78,3,221,70
11940 DATA 4,9,235,18,121,254,243,32,37,120
11950 DATA 254,1,32,32,3,235,221,229,225,197
11960 DATA 1,27,0,9,193,235,205,0,141,205
11970 DATA 55,145,62,150,56,6,62,153,55,32
11980 DATA 1,175,1,0,0,22,3,221,113,3
11990 DATA 221,112,4,221,225,254,0,201,221,229
12000 DATA 213,197,229,221,225,221,94,3,221,86
12010 DATA 4,221,78,25,221,70,26,120,177,62
12020 DATA 3,40,28,235,183,237,66,124,181,235
12030 DATA 62,1,32,17,120,214,1,32,9,121
12040 DATA 214,244,32,4,62,2,24,3,62,151
12050 DATA 55,193,209,221,225,201,229,197,213,205
12060 DATA 244,155,33,203,0,205,136,156,205,209
12070 DATA 139,209,193,225,201,229,197,213,245,205
12080 DATA 8,136,213,197,205,38,128,32,72,76
12090 DATA 10,13,0,193,209,213,225,205,8,136
12100 DATA 213,197,205,38,128,32,68,69,10,13
12110 DATA 0,193,209,197,225,205,8,136,213,197
12120 DATA 205,38,128,32,66,67,10,13,0,193
12130 DATA 209,241,209,193,225,201,245,229,213,197
12140 DATA 175,18,213,225,19,1,243,1,237,176
12150 DATA 193,209,225,241,201,4,42,45,153,5
12160 DATA 124,33,88,0,17,129,136,115,35,114
12170 DATA 33,19,0,62,12,119,201,17,131,230
12180 DATA 238,237,244,237,80,230,117,230,54,161
12190 DATA 26,161,31,228,60,228,47,228,25,228
12200 DATA 150,165,125,134,125,134,125,134,125,134
12210 DATA 25,134,254,0,200,205,75,137,201,33
12220 DATA 201,136,6,0,79,9,126,254,0,200
12230 DATA 33,128,0,203,110,40,4,6,192,24
12240 DATA 6,79,126,230,192,71,121,176,201,0
12250 DATA 0,0,0,0,0,0,0,0,0,0
12260 DATA 0,0,164,0,0,0,0,0,0,0
12270 DATA 14,9,0,0,0,60,45,46,13,8
12280 DATA 0,0,58,59,44,12,6,7,0,0
12290 DATA 15,57,43,10,11,5,0,0,52,56
12300 DATA 41,42,37,4,0,0,0,53,51,35
12310 DATA 3,19,0,0,54,62,36,38,21,20
12320 DATA 0,0,55,47,39,40,26,28,0,0
12330 DATA 0,67,0,86,27,0,0,0,0,30
12340 DATA 0,0,0,0,0,0,0,0,0,0
12350 DATA 0,64,0,0,154,0,2,63,0,0
12360 DATA 0,61,165,34,0,18,50,31,25,0
12370 DATA 29,7,28,24,20,0,0,0,0,33
12380 DATA 84,137,6,0,79,9,126,201,0,61
12390 DATA 82,18,2,0,64,0,64,155,34,50
12400 DATA 0,30,0,0,0,0,0,0,0,0
12410 DATA 0,0,0,0,0,31,156,157,0,0
12420 DATA 15,73,72,71,70,69,0,67,22,23
12430 DATA 24,29,54,28,55,47,21,9,8,7
12440 DATA 6,5,4,3,19,20,104,40,118,27
12450 DATA 119,111,0,110,120,122,108,76,107,106
12460 DATA 105,100,115,126,103,117,116,102,90,78
12470 DATA 75,109,74,99,121,77,123,101,124,86
12480 DATA 92,87,93,0,0,46,56,58,44,12
12490 DATA 43,42,41,36,51,62,39,53,52,38
12500 DATA 26,14,11,45,10,35,57,13,59,37
12510 DATA 60,0,0,0,0,0,0,0,0,0
12520 DATA 0,0,0,0,0,0,0,0,0,0
12530 DATA 0,0,0,0,0,0,0,0,0,0
12540 DATA 0,0,0,0,0,0,0,0,0,0
12550 DATA 0,0,0,0,0,0,0,0,0,0
12560 DATA 0,0,0,0,0,0,0,0,0,0
12570 DATA 0,0,0,0,0,0,0,0,0,0
12580 DATA 0,0,0,0,0,0,0,0,0,0
12590 DATA 0,0,0,0,0,0,0,0,0,0
12600 DATA 0,0,0,0,0,0,0,0,0,0
12610 DATA 0,0,0,0,0,0,0,0,0,0
12620 DATA 0,0,0,0,0,0,0,0,0,0
12630 DATA 0,0,0,0,0,0,0,0,0,0
12640 DATA 0,0,0,0,33,128,0,54,0,201
12650 DATA 219,6,254,56,201,205,107,138,183,200
12660 DATA 50,129,0,205,104,153,201,205,116,138
12670 DATA 183,200,205,167,152,201,243,219,72,79
12680 DATA 205,131,138,121,251,201,62,2,211,72
12690 DATA 201,175,211,72,211,72,211,72,201,62
12700 DATA 3,211,224,33,249,162,54,205,17,203
12710 DATA 138,35,115,35,114,33,133,164,54,195
12720 DATA 17,175,138,35,115,35,114,62,1,211
12730 DATA 224,201,1,79,211,1,20,221,250,53
12740 DATA 195,1,0,222,254,86,218,53,195,1
12750 DATA 67,164,254,98,218,53,195,1,150,138
12760 DATA 195,53,195,221,229,253,229,213,33,172
12770 DATA 138,205,212,162,212,226,138,209,253,225
12780 DATA 221,225,33,90,163,201,33,2,139,205
12790 DATA 212,162,216,97,46,177,215,1,5,200
12800 DATA 223,24,216,201,12,139,36,139,250,138
12810 DATA 126,183,40,14,61,40,35,201,2,68
12820 DATA 73,210,0,1,67,196,1,2,215,57
12830 DATA 17,13,45,45,45,91,68,73,82,32
12840 DATA 73,78,70,79,93,45,45,13,205,206
12850 DATA 140,201,205,54,220,205,125,141,56,9
12860 DATA 62,150,40,5,205,31,141,24,15,229
12870 DATA 245,215,57,5,69,82,82,95,82,241
12880 DATA 205,242,128,225,245,84,93,26,254,0
12890 DATA 62,0,18,19,32,247,6,4,18,19
12900 DATA 16,252,229,213,33,224,0,126,183,40
12910 DATA 5,223,60,35,24,247,35,126,183,32
12920 DATA 242,209,225,235,205,140,197,241,175,201
12930 DATA 33,130,0,6,8,175,119,60,35,16
12940 DATA 251,201,79,120,254,2,216,254,7,200
12950 DATA 33,130,0,22,0,95,25,121,119,14
12960 DATA 0,88,203,32,203,32,203,32,203,32
12970 DATA 203,32,237,121,67,201,33,130,0,22
12980 DATA 0,88,25,126,201,245,62,128,211,35
12990 DATA 241,211,32,62,0,211,33,62,3,211
13000 DATA 35,62,0,211,34,62,0,211,33,201
13010 DATA 205,200,139,211,32,201,245,219,37,203
13020 DATA 111,40,250,241,201,126,35,254,0,200
13030 DATA 205,194,139,24,246,229,197,213,245,33
13040 DATA 9,0,57,70,43,78,96,105,205,209
13050 DATA 139,241,209,68,77,33,5,0,57,112
13060 DATA 43,113,193,225,201,237,87,245,209,243
13070 DATA 62,1,211,36,205,32,140,175,211,36
13080 DATA 219,32,213,87,241,122,224,251,201,62
13090 DATA 1,211,36,219,37,203,71,40,3,243
13100 DATA 24,231,175,201,245,219,37,203,71,40
13110 DATA 250,241,201,219,37,203,71,201,245,241
13120 DATA 201,245,62,13,205,194,139,62,10,205
13130 DATA 194,139,241,201,245,229,197,219,37,203
13140 DATA 103,40,4,62,66,24,26,203,87,40
13150 DATA 4,62,80,24,18,203,95,40,4,62
13160 DATA 70,24,10,203,79,40,4,62,79,24
13170 DATA 2,62,78,33,122,0,119,193,225,241
13180 DATA 201,87,175,50,138,0,205,74,146,32
13190 DATA 6,122,205,95,146,40,3,62,0,201
13200 DATA 205,63,146,191,62,128,50,138,0,201
13210 DATA 58,138,0,203,127,201,205,138,140,55
13220 DATA 200,6,5,205,143,146,40,6,48,28
13230 DATA 16,247,175,201,175,58,138,0,203,71
13240 DATA 192,205,154,146,32,12,58,138,0,203
13250 DATA 199,50,138,0,175,62,1,201,175,58
13260 DATA 138,0,203,71,200,203,135,50,138,0
13270 DATA 62,2,201,195,163,146,42,0,205,0
13280 DATA 141,33,204,140,205,125,141,200,62,39
13290 DATA 205,41,146,205,104,145,62,0,18,33
13300 DATA 139,0,205,56,128,62,13,205,45,128
13310 DATA 62,51,205,41,146,205,186,145,254,66
13320 DATA 24,221,126,35,183,200,24,250,229,213
13330 DATA 197,33,224,0,205,13,141,193,209,225
13340 DATA 201,126,183,200,229,205,125,141,225,216
13350 DATA 55,62,150,200,205,250,140,24,238,229
13360 DATA 126,254,92,40,14,254,47,40,10,254
13370 DATA 46,32,45,254,46,40,15,225,201,33
13380 DATA 224,0,54,92,35,54,0,35,54,0
13390 DATA 225,201,33,224,0,205,250,140,126,183
13400 DATA 235,225,200,229,235,68,77,205,250,140
13410 DATA 126,183,32,247,175,2,225,201,235,33
13420 DATA 224,0,205,250,140,126,183,32,249,235
13430 DATA 126,18,35,19,183,32,249,235,54,0
13440 DATA 225,201,245,205,48,128,62,10,205,45
13450 DATA 128,241,201,229,62,47,205,41,146,205
13460 DATA 222,146,32,14,62,50,205,41,146,205
13470 DATA 186,145,225,254,66,200,183,201,225,55
13480 DATA 201,201,201,213,17,0,0,205,164,141
13490 DATA 209,201,62,57,205,41,146,121,205,45
13500 DATA 146,120,205,45,146,123,205,45,146,122
13510 DATA 205,45,146,205,186,145,201,201,201,62
13520 DATA 39,205,41,146,205,104,145,245,214,8
13530 DATA 71,241,33,147,0,126,229,197,205,22
13540 DATA 128,193,225,35,16,245,205,49,140,62
13550 DATA 63,205,41,146,205,186,145,192,62,39
13560 DATA 205,41,146,205,104,145,221,33,139,0
13570 DATA 221,229,221,86,3,221,94,2,221,102
13580 DATA 1,221,110,0,205,248,155,33,203,0
13590 DATA 205,136,156,205,26,128,205,38,128,32
13600 DATA 83,69,67,84,79,82,83,10,13,0
13610 DATA 221,225,221,229,221,86,7,221,94,6
13620 DATA 221,102,5,221,110,4,205,248,155,33
13630 DATA 203,0,205,136,156,205,26,128,205,38
13640 DATA 128,32,83,69,67,84,79,82,83,32
13650 DATA 70,82,69,69,32,32,32,10,13,0
13660 DATA 221,225,221,126,8,61,40,8,61,40
13670 DATA 24,61,40,40,24,57,205,38,128,70
13680 DATA 83,32,73,83,32,70,65,84,45,49
13690 DATA 50,10,13,0,201,205,38,128,70,83
13700 DATA 32,73,83,32,70,65,84,45,49,54
13710 DATA 10,13,0,201,205,38,128,70,83,32
13720 DATA 73,83,32,70,65,84,45,51,50,10
13730 DATA 13,0,201,205,38,128,85,78,75,78
13740 DATA 79,87,78,32,70,83,10,13,0,221
13750 DATA 126,8,201,245,62,47,205,41,146,33
13760 DATA 240,0,205,222,146,40,30,241,205,38
13770 DATA 128,69,82,82,79,82,32,83,69,84
13780 DATA 84,73,78,71,32,70,73,76,69,78
13790 DATA 65,77,69,10,13,0,201,241,183,40
13800 DATA 12,214,1,40,8,214,1,40,4,62
13810 DATA 52,24,2,62,50,205,41,146,205,186
13820 DATA 145,201,62,54,205,41,146,62,1,205
13830 DATA 45,146,205,186,145,201,213,62,58,205
13840 DATA 41,146,121,205,45,146,120,205,45,146
13850 DATA 47,47,209,33,0,0,229,213,205,186
13860 DATA 145,209,225,40,28,254,29,32,28,62
13870 DATA 39,205,41,146,205,60,146,71,205,60
13880 DATA 146,18,19,35,16,248,62,59,205,41
13890 DATA 146,24,219,68,77,175,201,245,205,129
13900 DATA 157,205,38,128,69,82,82,79,82,32
13910 DATA 82,69,65,68,73,78,71,32,66,76
13920 DATA 79,67,75,33,33,33,32,0,241,6
13930 DATA 2,5,201,213,197,205,182,157,175,205
13940 DATA 169,142,32,75,193,209,205,252,142,40
13950 DATA 32,205,129,157,205,38,128,32,69,82
13960 DATA 82,79,82,32,82,69,65,68,73,78
13970 DATA 71,32,70,73,76,69,10,13,0,213
13980 DATA 197,24,36,197,205,244,155,33,203,0
13990 DATA 205,136,156,205,209,139,205,38,128,32
14000 DATA 66,89,84,69,83,32,82,69,65,68
14010 DATA 10,13,0,205,238,142,193,175,201,193
14020 DATA 209,205,129,157,205,38,128,45,45,62
14030 DATA 69,82,82,79,82,32,65,84,32,76
14040 DATA 79,65,68,70,73,76,69,10,13,0
14050 DATA 33,240,0,205,209,139,205,49,140,55
14060 DATA 201,213,197,205,182,157,175,205,169,142
14070 DATA 32,50,193,205,155,141,1,244,1,209
14080 DATA 205,252,142,40,30,205,129,157,205,38
14090 DATA 128,32,69,82,82,79,82,32,82,69
14100 DATA 65,68,73,78,71,32,70,73,76,69
14110 DATA 10,13,0,24,9,197,205,238,142,193
14120 DATA 175,201,193,209,205,129,157,205,38,128
14130 DATA 45,45,62,69,82,82,79,82,32,79
14140 DATA 80,69,78,73,78,71,32,70,73,76
14150 DATA 69,10,13,0,33,240,0,205,209,139
14160 DATA 205,49,140,55,201,213,62,60,205,41
14170 DATA 146,121,205,45,146,120,205,45,146,225
14180 DATA 205,186,145,40,27,254,30,32,25,62
14190 DATA 45,205,41,146,205,60,146,71,126,205
14200 DATA 45,146,35,16,249,62,61,205,41,146
14210 DATA 24,224,183,201,245,205,129,157,205,38
14220 DATA 128,69,82,82,79,82,32,87,82,73
14230 DATA 84,73,78,71,32,66,76,79,67,75
14240 DATA 33,33,33,32,13,10,0,241,6,2
14250 DATA 5,201,213,197,229,205,38,128,10,13
14260 DATA 83,65,86,69,32,70,73,76,69,10
14270 DATA 13,10,13,0,225,205,182,157,62,4
14280 DATA 205,169,142,32,78,205,38,128,10,13
14290 DATA 70,73,76,69,32,67,82,69,65,84
14300 DATA 69,68,32,79,75,10,13,0,193,209
14310 DATA 205,69,144,40,25,205,38,128,32,69
14320 DATA 82,82,79,82,32,87,82,73,84,73
14330 DATA 78,71,32,70,73,76,69,10,13,0
14340 DATA 205,38,128,66,89,84,69,32,87,82
14350 DATA 73,84,84,69,78,10,13,0,205,238
14360 DATA 142,175,201,193,209,205,129,157,205,38
14370 DATA 128,45,45,62,69,82,82,79,82,32
14380 DATA 67,82,69,65,84,73,78,71,32,70
14390 DATA 73,76,69,10,13,0,33,240,0,205
14400 DATA 209,139,205,49,140,55,201,197,213,205
14410 DATA 182,157,62,1,205,169,142,32,11,1
14420 DATA 255,255,17,255,255,205,164,141,24,9
14430 DATA 62,4,205,169,142,62,151,32,13,209
14440 DATA 193,205,69,144,245,205,238,142,241,192
14450 DATA 175,201,209,193,55,201,205,60,146,254
14460 DATA 0,200,245,17,139,0,71,205,60,146
14470 DATA 18,19,16,249,241,201,245,205,219,139
14480 DATA 70,65,84,65,76,32,69,82,82,79
14490 DATA 82,58,0,241,205,129,157,33,157,145
14500 DATA 254,146,40,1,201,205,209,139,201,80
14510 DATA 65,82,84,73,84,73,79,78,46,78
14520 DATA 79,84,46,83,85,80,80,79,82,84
14530 DATA 69,68,33,33,33,10,13,0,229,205
14540 DATA 200,145,225,192,216,175,205,231,145,254
14550 DATA 20,201,175,1,50,0,205,57,146,203
14560 DATA 127,200,245,197,6,4,205,36,155,193
14570 DATA 241,11,95,120,177,123,32,234,55,6
14580 DATA 2,5,201,62,34,205,41,146,205,60
14590 DATA 146,201,1,196,9,205,57,146,203,103
14600 DATA 200,197,245,6,10,205,36,155,241,193
14610 DATA 11,95,120,177,123,32,234,245,205,129
14620 DATA 157,241,205,219,139,42,42,42,67,77
14630 DATA 68,32,84,73,77,69,79,85,84,42
14640 DATA 42,42,10,13,0,6,2,5,201,211
14650 DATA 49,24,2,211,48,197,213,229,205,240
14660 DATA 145,225,209,193,201,219,49,201,219,48
14670 DATA 201,62,1,205,41,146,205,60,146,230
14680 DATA 15,201,62,5,205,41,146,62,6,205
14690 DATA 41,146,62,87,205,45,146,205,60,146
14700 DATA 254,168,201,245,62,21,205,41,146,241
14710 DATA 205,45,146,6,4,205,36,155,205,231
14720 DATA 145,254,21,200,245,205,219,139,69,82
14730 DATA 82,58,32,83,69,84,85,83,66,77
14740 DATA 79,68,69,10,13,0,241,205,129,157
14750 DATA 201,62,48,205,41,146,205,186,145,216
14760 DATA 200,201,62,49,205,41,146,205,186,145
14770 DATA 201,6,10,197,205,95,146,32,16,205
14780 DATA 143,146,32,11,62,49,205,41,146,205
14790 DATA 186,145,193,200,197,6,100,205,55,155
14800 DATA 193,16,226,6,2,5,245,205,219,139
14810 DATA 69,82,82,58,32,77,79,85,78,84
14820 DATA 32,68,73,83,75,10,13,0,241,201
14830 DATA 126,205,45,146,192,126,183,200,35,24
14840 DATA 245,197,1,0,32,219,115,203,95,32
14850 DATA 5,11,120,177,32,245,193,219,112,201
14860 DATA 219,115,203,95,62,255,200,219,112,201
14870 DATA 62,1,211,112,62,224,211,114,62,64
14880 DATA 211,115,6,100,205,36,155,62,6,211
14890 DATA 112,62,0,211,114,62,2,211,112,62
14900 DATA 157,211,114,62,3,211,112,62,134,211
14910 DATA 114,201,62,96,211,115,205,233,146,95
14920 DATA 254,8,40,33,254,16,40,29,254,40
14930 DATA 40,38,254,24,40,35,254,32,40,45
14940 DATA 254,48,40,41,254,56,200,254,176,200
14950 DATA 254,104,200,254,216,200,201,122,203,39
14960 DATA 230,254,211,113,62,64,211,115,24,202
14970 DATA 11,120,177,40,10,126,35,211,113,62
14980 DATA 64,211,115,24,187,62,80,211,115,120
14990 DATA 177,201,120,177,200,62,96,211,115,205
15000 DATA 233,146,30,0,254,8,40,31,40,29
15010 DATA 254,88,40,38,254,80,40,36,254,64
15020 DATA 40,37,254,72,40,56,254,56,200,254
15030 DATA 176,200,254,104,200,254,216,200,201,122
15040 DATA 203,39,246,1,211,113,62,64,211,115
15050 DATA 24,203,30,1,219,113,119,35,11,120
15060 DATA 177,40,19,123,254,1,40,14,120,129
15070 DATA 254,1,62,64,40,2,62,192,211,115
15080 DATA 24,173,62,80,211,115,120,177,201,22
15090 DATA 0,15,48,2,203,226,15,48,2,203
15100 DATA 234,15,48,2,203,242,15,48,2,203
15110 DATA 250,123,15,48,2,203,194,58,127,0
15120 DATA 178,87,203,210,122,205,15,148,203,146
15130 DATA 122,205,15,148,201,213,229,33,203,0
15140 DATA 119,22,39,1,1,0,205,48,147,225
15150 DATA 209,201,30,0,24,2,30,1,87,123
15160 DATA 15,56,7,15,48,4,30,0,24,14
15170 DATA 122,203,63,203,63,203,63,203,63,213
15180 DATA 205,225,147,209,122,230,15,205,225,147
15190 DATA 201,6,4,205,55,155,201,62,3,30
15200 DATA 2,205,38,148,205,71,148,62,3,30
15210 DATA 2,205,38,148,205,71,148,62,3,30
15220 DATA 2,205,38,148,205,71,148,62,2,30
15230 DATA 2,205,38,148,205,71,148,62,40,205
15240 DATA 32,148,62,2,50,125,0,205,164,148
15250 DATA 205,184,148,62,2,50,126,0,246,4
15260 DATA 205,32,148,205,71,148,205,59,149,201
15270 DATA 58,125,0,203,151,50,125,0,246,8
15280 DATA 205,32,148,201,58,125,0,203,215,50
15290 DATA 125,0,246,8,205,32,148,201,6,2
15300 DATA 205,55,155,201,62,1,205,32,148,205
15310 DATA 178,148,201,126,254,0,200,205,36,148
15320 DATA 35,24,246,205,36,148,201,62,2,205
15330 DATA 32,148,205,178,148,201,0,64,20,84
15340 DATA 6,0,75,33,216,148,9,126,130,246
15350 DATA 128,205,32,148,201,58,125,0,203,143
15360 DATA 50,125,0,246,8,205,32,148,201,58
15370 DATA 125,0,203,207,50,125,0,246,8,205
15380 DATA 32,148,201,58,125,0,203,135,50,125
15390 DATA 0,246,8,205,32,148,201,58,125,0
15400 DATA 203,199,50,125,0,246,8,205,32,148
15410 DATA 201,62,24,205,32,148,201,62,28,205
15420 DATA 32,148,201,62,16,205,32,148,201,62
15430 DATA 20,205,32,148,201,62,8,50,127,0
15440 DATA 205,15,148,201,62,0,50,127,0,205
15450 DATA 15,148,201,83,117,110,100,97,121,0
15460 DATA 77,111,110,100,97,121,0,84,117,101
15470 DATA 115,100,97,121,0,87,101,100,110,101
15480 DATA 115,100,97,121,0,84,104,117,114,115
15490 DATA 100,97,121,0,70,114,105,100,97,121
15500 DATA 0,83,97,116,117,114,100,97,121,0
15510 DATA 77,149,84,149,91,149,99,149,109,149
15520 DATA 118,149,125,149,82,84,67,32,69,82
15530 DATA 32,82,86,10,13,0,82,84,67,32
15540 DATA 69,82,32,83,68,10,13,0,123,197
15550 DATA 205,242,128,193,121,205,242,128,33,160
15560 DATA 149,205,209,139,201,121,205,242,128,33
15570 DATA 148,149,205,209,139,55,201,175,6,20
15580 DATA 33,203,0,119,35,16,252,201,100,100
15590 DATA 47,109,109,47,121,121,32,119,32,104
15600 DATA 104,58,109,109,58,115,115,33,212,149
15610 DATA 17,203,0,1,19,0,237,176,201,33
15620 DATA 203,0,175,119,22,104,1,1,0,205
15630 DATA 48,147,194,172,149,33,203,0,22,104
15640 DATA 1,7,0,205,128,147,194,189,149,175
15650 DATA 201,17,203,0,175,18,19,33,220,0
15660 DATA 205,74,150,33,217,0,205,74,150,33
15670 DATA 214,0,205,74,150,33,212,0,205,74
15680 DATA 150,33,203,0,205,74,150,33,206,0
15690 DATA 205,74,150,33,209,0,205,74,150,62
15700 DATA 0,18,205,146,150,201,213,205,210,156
15710 DATA 209,205,116,155,125,18,19,201,17,203
15720 DATA 0,175,18,19,62,10,205,116,155,125
15730 DATA 18,19,62,34,205,116,155,125,18,19
15740 DATA 62,18,205,116,155,125,18,19,62,5
15750 DATA 18,19,62,18,205,116,155,125,18,19
15760 DATA 62,2,205,116,155,125,18,19,62,21
15770 DATA 205,116,155,125,18,19,175,18,33,203
15780 DATA 0,22,104,1,9,0,205,48,147,194
15790 DATA 172,149,6,1,205,65,155,201,33,203
15800 DATA 0,229,62,7,119,35,122,119,225,22
15810 DATA 104,1,2,0,205,48,147,194,172,149
15820 DATA 201,205,219,155,38,0,201,6,7,33
15830 DATA 203,0,126,254,255,40,5,35,16,248
15840 DATA 175,201,55,201,205,201,149,205,243,149
15850 DATA 216,205,195,150,216,221,33,203,0,17
15860 DATA 203,0,38,0,221,110,4,205,189,150
15870 DATA 62,47,18,19,221,110,5,205,189,150
15880 DATA 62,47,18,19,221,110,6,205,189,150
15890 DATA 62,32,18,19,221,110,2,205,189,150
15900 DATA 62,58,18,19,221,110,1,205,189,150
15910 DATA 62,58,18,19,221,110,0,205,189,150
15920 DATA 19,175,18,201,237,68,237,68,237,68
15930 DATA 237,68,237,68,237,68,237,68,237,68
15940 DATA 201,211,56,205,36,151,201,62,159,205
15950 DATA 53,151,62,191,205,53,151,62,223,205
15960 DATA 53,151,62,255,205,53,151,201,205,59
15970 DATA 151,175,50,244,0,175,33,224,0,119
15980 DATA 84,93,19,1,11,0,237,176,201,245
15990 DATA 230,3,7,7,7,7,7,180,205,53
16000 DATA 151,125,205,53,151,241,201,245,62,2
16010 DATA 14,0,205,160,151,62,2,205,101,151
16020 DATA 6,160,205,55,155,62,2,14,4,205
16030 DATA 160,151,241,201,33,7,131,205,119,151
16040 DATA 201,33,2,129,205,119,151,201,7,60
16050 DATA 95,121,254,4,62,15,40,9,62,1
16060 DATA 12,13,40,3,7,24,250,87,62,128
16070 DATA 203,3,203,3,203,3,203,3,178,179
16080 DATA 205,53,151,201,245,205,237,151,71,58
16090 DATA 244,0,176,50,244,0,241,14,4,205
16100 DATA 160,151,201,245,205,237,151,237,68,61
16110 DATA 71,58,244,0,160,50,244,0,241,14
16120 DATA 0,205,160,151,201,60,79,175,60,13
16130 DATA 200,7,24,251,245,33,224,0,7,6
16140 DATA 0,79,9,94,35,86,122,131,183,40
16150 DATA 75,241,245,205,237,151,79,58,244,0
16160 DATA 161,193,32,80,197,72,6,0,33,240
16170 DATA 0,9,126,60,40,50,61,52,111,38
16180 DATA 0,41,41,25,94,35,86,35,78,35
16190 DATA 70,237,67,169,0,193,197,33,232,0
16200 DATA 203,0,72,6,0,9,237,75,169,0
16210 DATA 113,35,112,122,193,254,10,56,10,235
16220 DATA 120,205,101,151,24,18,193,24,17,254
16230 DATA 3,48,7,79,120,205,160,151,24,4
16240 DATA 254,9,40,2,175,201,62,1,201,33
16250 DATA 232,0,79,6,0,9,9,78,35,70
16260 DATA 87,120,177,122,202,246,151,175,201,33
16270 DATA 232,0,6,4,94,35,86,122,179,40
16280 DATA 5,27,114,43,115,35,35,16,241,201
16290 DATA 6,4,14,0,5,120,197,205,105,152
16300 DATA 193,129,79,120,183,32,243,121,254,4
16310 DATA 201,254,225,200,254,240,200,254,224,200
16320 DATA 254,170,200,79,58,129,0,254,225,40
16330 DATA 35,254,240,40,89,254,224,40,33,121
16340 DATA 254,18,204,68,153,254,89,204,68,153
16350 DATA 254,20,204,77,153,254,17,204,86,153
16360 DATA 254,88,204,95,153,201,121,254,240,200
16370 DATA 175,201,121,254,107,200,254,114,200,254
16380 DATA 116,200,254,117,200,254,112,200,254,108
16390 DATA 200,254,125,200,254,122,200,254,105,200
16400 DATA 254,113,200,254,102,200,254,90,200,254
16410 DATA 17,200,254,20,200,254,74,200,254,240
16420 DATA 32,0,175,201,121,254,18,204,50,153
16430 DATA 254,20,204,56,153,254,17,204,62,153
16440 DATA 254,89,204,50,153,50,129,0,175,201
16450 DATA 33,128,0,203,182,201,33,128,0,203
16460 DATA 190,201,33,128,0,203,174,201,33,128
16470 DATA 0,62,64,174,119,175,201,33,128,0
16480 DATA 62,128,174,119,175,201,33,128,0,62
16490 DATA 32,174,119,175,201,33,128,0,62,16
16500 DATA 174,119,175,201,254,170,56,2,175,201
16510 DATA 33,164,153,87,205,158,153,71,254,97
16520 DATA 56,4,254,123,56,9,58,128,0,203
16530 DATA 119,120,200,24,15,58,128,0,79,203
16540 DATA 31,203,31,169,203,103,32,2,120,201
16550 DATA 122,33,78,154,205,158,153,201,6,0
16560 DATA 79,9,126,201,0,0,0,165,0,0
16570 DATA 0,0,0,0,168,166,0,0,96,0
16580 DATA 0,0,0,0,0,113,49,0,0,0
16590 DATA 122,115,97,119,50,0,0,99,120,100
16600 DATA 101,52,51,0,0,32,118,102,116,114
16610 DATA 53,0,0,110,98,104,103,121,54,0
16620 DATA 0,44,109,106,117,55,56,0,0,44
16630 DATA 107,105,111,48,57,0,0,46,47,108
16640 DATA 59,112,45,0,0,0,39,0,91,61
16650 DATA 0,0,0,0,13,93,0,92,0,0
16660 DATA 0,0,0,0,0,0,6,0,0,8
16670 DATA 0,4,9,0,0,0,1,7,10,0
16680 DATA 3,11,27,0,0,0,43,45,42,57
16690 DATA 0,0,0,0,0,167,0,0,0,0
16700 DATA 0,0,0,0,0,0,0,0,0,0
16710 DATA 0,0,0,0,0,0,0,0,0,0
16720 DATA 0,0,0,0,0,0,0,0,0,0
16730 DATA 0,0,0,0,0,0,0,165,0,0
16740 DATA 0,0,0,0,168,166,0,0,126,0
16750 DATA 0,0,0,0,0,81,33,0,0,0
16760 DATA 90,83,65,87,64,0,0,67,88,68
16770 DATA 69,36,35,0,0,32,86,70,84,82
16780 DATA 37,0,0,78,66,72,71,89,94,0
16790 DATA 0,34,77,74,85,38,42,0,0,60
16800 DATA 75,73,79,41,40,0,0,62,63,76
16810 DATA 58,80,95,0,0,0,34,0,123,43
16820 DATA 0,0,0,0,13,125,0,124,0,0
16830 DATA 0,0,0,0,0,0,6,0,0,8
16840 DATA 0,4,9,0,0,0,1,7,10,0
16850 DATA 3,11,27,0,0,0,43,45,42,57
16860 DATA 0,0,0,0,0,167,0,0,0,0
16870 DATA 0,0,0,0,0,0,0,0,0,0
16880 DATA 0,0,0,0,0,0,0,0,0,0
16890 DATA 0,0,0,0,0,0,0,0,0,0
16900 DATA 0,0,0,0,0,0,0,0,0,0
16910 DATA 0,0,0,0,0,0,0,0,0,0
16920 DATA 0,0,0,0,195,52,155,0,20,19
16930 DATA 18,18,17,16,16,13,13,11,11,11
16940 DATA 8,6,6,3,3,1,0,0,219,128
16950 DATA 33,15,155,95,22,0,25,126,95,33
16960 DATA 248,154,25,233,16,253,201,197,6,190
16970 DATA 205,36,155,193,16,247,201,197,6,250
16980 DATA 205,55,155,6,250,205,55,155,6,250
16990 DATA 205,55,155,6,250,205,55,155,193,16
17000 DATA 232,201,245,213,205,143,155,209,205,181
17010 DATA 155,241,201,183,71,230,240,15,79,15
17020 DATA 15,129,79,120,230,15,129,201,38,255
17030 DATA 36,214,100,48,251,198,100,46,255,44
17040 DATA 214,10,48,251,198,10,79,125,7,7
17050 DATA 7,7,177,111,201,1,0,16,17,0
17060 DATA 0,41,123,143,39,95,122,143,39,87
17070 DATA 121,143,39,79,16,241,235,201,183,71
17080 DATA 230,240,15,79,15,15,129,79,120,230
17090 DATA 15,129,201,121,205,226,155,121,205,230
17100 DATA 155,124,205,226,155,124,205,230,155,125
17110 DATA 205,226,155,125,24,26,31,31,31,31
17120 DATA 230,15,198,144,39,206,64,39,18,19
17130 DATA 201,125,205,204,155,125,24,238,31,31
17140 DATA 31,31,230,15,198,144,39,206,64,39
17150 DATA 18,19,201,38,0,111,30,0,22,0
17160 DATA 1,0,0,221,33,0,0,34,195,0
17170 DATA 237,83,197,0,237,67,199,0,221,34
17180 DATA 201,0,33,203,0,17,204,0,54,32
17190 DATA 1,18,0,237,176,237,67,222,0,30
17200 DATA 1,33,203,0,1,9,9,175,5,40
17210 DATA 41,43,182,40,249,13,23,48,252,31
17220 DATA 87,229,197,33,222,0,67,203,18,126
17230 DATA 143,39,119,43,16,249,48,3,28,54
17240 DATA 1,13,32,235,193,14,8,225,43,86
17250 DATA 16,225,33,223,0,75,183,237,66,84
17260 DATA 93,237,66,235,65,203,33,62,48,237
17270 DATA 111,254,48,32,6,13,19,24,4,237
17280 DATA 111,18,19,237,111,18,19,35,16,245
17290 DATA 237,66,201,235,33,203,0,205,136,156
17300 DATA 237,176,235,201,126,254,32,192,35,24
17310 DATA 249,6,8,111,203,21,31,16,251,201
17320 DATA 229,126,254,0,40,14,254,48,56,6
17330 DATA 254,58,56,9,254,57,246,1,225,201
17340 DATA 191,225,201,35,24,231,229,126,254,0
17350 DATA 40,20,254,48,56,12,254,58,56,15
17360 DATA 254,48,56,4,254,71,56,7,246,1
17370 DATA 225,201,191,225,201,35,24,225,175,205
17380 DATA 216,156,122,201,87,126,35,214,58,198
17390 DATA 10,208,95,122,135,135,130,135,131,24
17400 DATA 239,126,205,250,156,135,135,135,135,87
17410 DATA 35,126,205,250,156,178,35,201,214,48
17420 DATA 254,10,216,214,7,201,205,233,156,71
17430 DATA 205,233,156,79,201,126,35,214,48,203
17440 DATA 39,203,39,203,39,203,39,71,126,35
17450 DATA 214,48,176,201,79,205,43,157,119,35
17460 DATA 121,205,47,157,119,35,201,31,31,31
17470 DATA 31,246,240,39,198,160,206,64,201,34
17480 DATA 172,0,201,175,50,174,0,50,172,0
17490 DATA 50,173,0,201,58,172,0,71,58,173
17500 DATA 0,128,183,201,245,237,91,172,0,235
17510 DATA 58,174,0,79,6,0,9,235,241,201
17520 DATA 58,174,0,60,50,174,0,201,205,80
17530 DATA 157,205,96,157,126,18,35,19,183,200
17540 DATA 24,245,205,80,157,18,205,96,157,19
17550 DATA 175,18,201,38,0,111,245,17,188,0
17560 DATA 205,219,155,62,104,18,19,175,18,33
17570 DATA 188,0,205,209,139,205,49,140,241,201
17580 DATA 229,14,0,126,35,12,254,0,32,249
17590 DATA 13,225,121,184,200,120,145,216,71,62
17600 DATA 48,43,119,16,252,201,17,240,0,126
17610 DATA 18,254,0,200,19,35,24,247,22,0
17620 DATA 106,6,8,41,210,204,157,25,16,249
17630 DATA 201,33,0,0,87,89,25,21,32,252
17640 DATA 201,175,6,16,41,203,23,187,56,2
17650 DATA 147,44,16,246,201,0,0,0,0,0
17660 DATA 0,0,0,0,0,0,0,0,0,0
17670 DATA 0,0,0,0,0,0,0,0,0,0
17680 DATA 0,0,0,0,0,0,0,0,0,0
17690 DATA 0,0,0,0,0,0,0,0,0,0
17700 DATA 0,0,0,0,0,0,0,0,0,0
17710 DATA 0,0,0,0,0,0,0,0,0,0
17720 DATA 0,0,0,0,0,0,0,0,0,0
17730 DATA 0,0,0,0,0,0,0,0,0,0
17740 DATA 0,0,0,0,0,0,0,0,0,0
17750 DATA 0,0,0,0,0,0,0,0,0,0
17760 DATA 0,0,0,0,0,0,0,0,0,0
17770 DATA 0,0,0,0,0,0,0,0,0,0
17780 DATA 0,0,0,0,0,0,0,0,0,0
17790 DATA 0,0,0,0,0,0,0,0,0,0
17800 DATA 0,0,0,0,0,0,0,0,0,0
17810 DATA 0,0,0,0,0,0,0,0,0,0
17820 DATA 0,0,0,0,0,0,0,0,0,0
17830 DATA 0,0,0,0,0,0,0,0,0,0
17840 DATA 0,0,0,0,0,0,0,0,0,0
17850 DATA 0,0,0,0,0,0,0,0,0,0
17860 DATA 0,0,0,0,0,0,0,0,0,0
17870 DATA 0,0,0,0,0,0,0,0,0,0
17880 DATA 0,0,0,0,0,0,0,0,0,0
17890 DATA 0,0,0,0,0,0,0,0,0,0
17900 DATA 0,0,0,0,0,0,0,0,0,0
17910 DATA 0,0,0,0,0,0,0,0,0,0
17920 DATA 0,0,0,0,0,0,0,0,0,0
17930 DATA 0,0,0,0,0,0,0,0,0,0
17940 DATA 0,0,0,0,0,0,0,0,0,0
17950 DATA 0,0,0,0,0,0,0,0,0,0
17960 DATA 0,0,0,0,0,0,0,0,0,0
17970 DATA 0,0,0,0,0,0,0,0,0,0
17980 DATA 0,0,0,0,0,0,0,0,0,0
17990 DATA 0,0,0,0,0,0,0,0,0,0
18000 DATA 0,0,0,0,0,0,0,0,0,0
18010 DATA 0,0,0,0,0,0,0,0,0,0
18020 DATA 0,0,0,0,0,0,0,0,0,0
18030 DATA 0,0,0,0,0,0,0,0,0,0
18040 DATA 0,0,0,0,0,0,0,0,0,0
18050 DATA 0,0,0,0,0,0,0,0,0,0
18060 DATA 0,0,0,0,0,0,0,0,0,0
18070 DATA 0,0,0,0,0,0,0,0,0,0
18080 DATA 0,0,0,0,0,0,0,0,0,0
18090 DATA 0,0,0,0,0,0,0,0,0,0
18100 DATA 0,0,0,0,0,0,0,0,0,0
18110 DATA 0,0,0,0,0,0,0,0,0,0
18120 DATA 0,0,0,0,0,0,0,0,0,0
18130 DATA 0,0,0,0,0,0,0,0,0,0
18140 DATA 0,0,0,0,0,0,0,0,0,0
18150 DATA 0,0,0,0,0,0,0,0,0,0
18160 DATA 0,0,0,0,0,0,0,0,0,0
18170 DATA 0,0,0,0,0,0,0,0,0,0
18180 DATA 0,0,0,0,0,0,0,0,0,0
