10 Reserve top-122
20 For i=0 to 8191
30 Read a:poke 122+i,a
40 next i
50 ?"type CALL TOP to run your code."
100 END
10000 DATA 47,195,209,129,195,95,128,195,143,128
10010 DATA 195,147,128,195,169,128,195,45,130,195
10020 DATA 79,128,205,132,140,201,126,254,0,200
10030 DATA 229,205,22,128,225,35,24,244,225,205
10040 DATA 26,128,35,229,201,223,60,201,126,183
10050 DATA 200,223,60,35,24,248,126,183,200,254
10060 DATA 10,40,4,254,31,56,4,223,60,24
10070 DATA 5,229,205,1,129,225,35,24,233,71
10080 DATA 205,235,140,32,4,219,6,203,95,120
10090 DATA 22,160,203,182,201,213,197,221,229,229
10100 DATA 205,110,138,32,5,205,115,138,24,16
10110 DATA 205,187,140,254,254,32,9,33,60,0
10120 DATA 54,102,62,25,24,3,205,184,136,225
10130 DATA 221,225,193,209,254,0,192,203,182,35
10140 DATA 126,43,201,205,132,140,201,205,187,140
10150 DATA 201,229,197,205,158,149,193,225,201,229
10160 DATA 197,213,205,141,149,209,193,225,201,213
10170 DATA 245,197,229,33,122,0,53,126,183,40
10180 DATA 20,225,193,241,209,43,43,66,237,163
10190 DATA 221,229,221,225,0,0,126,126,32,244
10200 DATA 201,54,3,225,229,66,5,5,17,15
10210 DATA 0,25,175,17,123,0,18,19,18,213
10220 DATA 87,95,205,151,128,209,27,14,0,126
10230 DATA 203,127,40,6,245,121,18,241,203,191
10240 DATA 205,159,128,43,12,16,238,26,87,30
10250 DATA 0,205,158,149,195,181,128,245,38,0
10260 DATA 111,17,175,0,205,28,156,62,10,18
10270 DATA 19,62,13,18,19,175,18,33,175,0
10280 DATA 205,147,140,241,201,229,33,171,0,203
10290 DATA 214,33,36,0,203,214,225,24,18,229
10300 DATA 33,171,0,203,150,33,36,0,203,150
10310 DATA 225,24,4,175,211,7,201,229,33,171
10320 DATA 0,126,211,7,62,5,211,9,225,201
10330 DATA 92,67,72,83,69,84,52,46,67,72
10340 DATA 82,0,92,67,72,83,69,84,50,46
10350 DATA 67,72,82,0,6,2,62,8,205,64
10360 DATA 140,33,74,129,1,184,11,17,0,64
10370 DATA 205,31,144,48,1,118,33,86,129,1
10380 DATA 184,11,17,0,80,205,31,144,48,1
10390 DATA 118,62,14,6,2,205,64,140,201,21
10400 DATA 2,0,24,24,40,64,32,0,2,0
10410 DATA 0,0,0,10,0,0,0,255,0,171
10420 DATA 0,0,0,0,177,33,143,129,17,104
10430 DATA 2,1,26,0,237,176,33,92,0,54
10440 DATA 104,35,54,2,201,229,205,147,140,225
10450 DATA 17,244,0,26,213,205,239,132,205,61
10460 DATA 129,209,235,52,201,243,205,43,129,205
10470 DATA 98,129,205,169,129,205,175,132,33,244
10480 DATA 0,54,0,33,143,131,175,205,239,132
10490 DATA 205,29,129,62,1,205,107,140,33,216
10500 DATA 131,205,189,129,33,96,132,205,189,129
10510 DATA 205,104,138,33,109,132,205,189,129,205
10520 DATA 200,147,205,169,150,33,122,132,205,189
10530 DATA 129,205,15,149,33,127,131,205,131,149
10540 DATA 33,142,132,205,189,129,205,159,138,205
10550 DATA 133,136,33,122,0,54,5,33,7,132
10560 DATA 205,147,140,33,80,132,205,147,140,205
10570 DATA 122,149,33,143,131,205,131,149,33,96
10580 DATA 131,62,10,205,239,132,205,105,130,254
10590 DATA 85,204,214,130,254,88,202,185,130,254
10600 DATA 83,204,55,131,254,78,202,144,130,254
10610 DATA 68,204,28,131,195,45,130,175,205,235
10620 DATA 140,40,4,205,187,140,201,205,110,138
10630 DATA 32,241,205,115,138,183,202,105,130,201
10640 DATA 22,0,30,0,205,158,149,201,22,0
10650 DATA 30,1,205,158,149,201,33,224,0,62
10660 DATA 47,119,35,54,0,35,54,0,205,136
10670 DATA 130,33,79,131,205,131,149,205,187,149
10680 DATA 205,215,149,33,6,0,54,254,35,54
10690 DATA 127,175,211,224,195,21,160,205,122,149
10700 DATA 205,136,130,33,182,131,205,131,149,205
10710 DATA 128,130,62,5,205,239,132,17,169,0
10720 DATA 26,111,19,26,103,233,33,169,131,205
10730 DATA 136,130,205,131,149,205,187,140,111,205
10740 DATA 187,140,103,205,187,140,79,205,187,140
10750 DATA 71,17,169,0,125,18,19,124,18,254
10760 DATA 128,40,2,56,2,211,124,229,205,187
10770 DATA 140,119,35,11,120,177,32,246,211,125
10780 DATA 33,154,131,205,122,149,205,131,149,62
10790 DATA 5,205,239,132,225,201,205,187,140,111
10800 DATA 205,187,140,103,205,187,140,79,205,187
10810 DATA 140,71,126,205,132,140,35,11,120,177
10820 DATA 32,246,201,33,194,131,17,130,2,1
10830 DATA 21,0,237,176,33,194,131,17,194,2
10840 DATA 1,21,0,237,176,175,201,60,67,68
10850 DATA 69,83,80,32,50,48,50,50,45,50
10860 DATA 52,62,32,0,85,58,85,80,44,88
10870 DATA 58,82,85,78,44,83,58,68,73,83
10880 DATA 80,44,78,58,78,66,82,79,77,44
10890 DATA 68,58,68,78,0,76,67,68,32,73
10900 DATA 78,73,84,73,65,76,73,90,69,68
10910 DATA 0,87,65,73,84,73,78,71,46,46
10920 DATA 46,0,80,82,71,32,84,82,65,78
10930 DATA 83,70,69,82,69,68,0,82,69,67
10940 DATA 69,73,86,73,78,71,46,46,46,0
10950 DATA 80,82,71,32,69,88,69,67,85,84
10960 DATA 69,0,78,69,87,66,82,65,73,78
10970 DATA 32,83,67,82,69,69,78,32,82,69
10980 DATA 65,68,89,0,78,69,87,66,82,65
10990 DATA 73,78,32,72,65,82,68,87,65,82
11000 DATA 69,32,69,77,85,76,65,84,79,82
11010 DATA 10,13,0,67,68,101,115,112,32,50
11020 DATA 48,50,50,45,50,48,50,52,10,13
11030 DATA 0,85,58,85,80,44,88,58,82,85
11040 DATA 78,44,83,58,68,73,83,80,44,78
11050 DATA 58,78,66,82,79,77,44,68,58,68
11060 DATA 78,10,13,0,78,69,87,66,82,65
11070 DATA 73,78,32,66,79,79,84,69,68,32
11080 DATA 79,75,10,13,0,67,76,69,65,82
11090 DATA 73,78,71,32,83,67,82,69,69,78
11100 DATA 46,10,13,0,10,13,87,65,73,84
11110 DATA 73,78,71,46,46,46,10,13,0,0
11120 DATA 10,13,82,83,50,51,50,32,79,75
11130 DATA 10,13,0,75,69,89,66,79,82,68
11140 DATA 32,79,75,10,13,0,73,50,67,32
11150 DATA 79,75,10,13,0,83,79,85,78,68
11160 DATA 32,79,75,10,13,0,76,67,68,32
11170 DATA 49,54,120,50,32,79,75,10,13,0
11180 DATA 229,245,33,16,133,205,242,132,241,225
11190 DATA 201,175,33,29,134,205,239,132,201,6
11200 DATA 25,175,197,205,156,132,60,193,16,248
11210 DATA 205,167,132,201,245,6,8,203,7,245
11220 DATA 62,0,48,2,62,1,198,48,205,213
11230 DATA 132,28,241,16,238,241,201,229,213,245
11240 DATA 197,33,130,2,66,213,17,64,0,25
11250 DATA 16,253,209,67,35,16,253,119,193,241
11260 DATA 209,225,201,205,156,132,229,33,130,2
11270 DATA 183,40,7,71,17,64,0,25,16,253
11280 DATA 235,225,126,183,40,9,254,31,56,2
11290 DATA 18,19,35,24,243,201,32,32,32,32
11300 DATA 32,32,32,32,32,32,32,32,32,32
11310 DATA 32,32,32,32,32,32,32,32,32,32
11320 DATA 32,32,32,32,32,32,32,32,32,32
11330 DATA 32,32,32,32,32,32,32,32,32,32
11340 DATA 32,32,32,32,32,32,32,32,32,32
11350 DATA 32,32,32,32,32,32,32,32,32,32
11360 DATA 32,32,32,32,32,32,32,32,32,32
11370 DATA 32,32,32,32,32,32,32,32,32,32
11380 DATA 32,32,32,32,32,0,32,32,32,32
11390 DATA 32,32,32,32,32,32,32,32,32,32
11400 DATA 32,32,32,32,32,32,32,32,32,32
11410 DATA 32,32,32,32,32,32,32,32,32,32
11420 DATA 32,32,32,32,32,32,32,32,32,32
11430 DATA 32,32,32,32,32,32,32,32,32,32
11440 DATA 32,32,32,32,32,32,32,32,32,32
11450 DATA 32,32,32,32,32,32,32,32,32,32
11460 DATA 32,32,32,32,32,32,32,32,32,32
11470 DATA 32,32,32,32,32,32,32,32,32,32
11480 DATA 32,32,32,32,32,32,32,32,32,32
11490 DATA 32,32,32,32,32,32,32,32,32,32
11500 DATA 32,32,32,32,32,32,32,32,32,32
11510 DATA 32,32,32,32,32,32,32,32,32,32
11520 DATA 32,32,32,32,32,32,32,32,32,32
11530 DATA 32,32,32,32,32,32,32,32,32,32
11540 DATA 32,32,32,32,32,32,32,32,32,32
11550 DATA 32,32,32,32,32,32,32,32,32,32
11560 DATA 32,32,32,32,0,83,67,82,69,69
11570 DATA 78,32,82,69,65,68,89,33,33,33
11580 DATA 0,4,5,4,16,42,10,197,1,1
11590 DATA 0,231,55,193,216,114,175,71,79,201
11600 DATA 243,33,36,0,203,134,126,211,7,62
11610 DATA 1,211,36,205,107,134,175,211,36,219
11620 DATA 32,205,72,229,251,183,201,79,243,205
11630 DATA 28,226,121,205,7,128,205,72,229,251
11640 DATA 43,183,201,33,0,100,219,37,31,216
11650 DATA 16,250,219,37,31,216,45,219,37,31
11660 DATA 216,194,110,134,219,37,31,216,37,219
11670 DATA 37,31,216,194,110,134,241,62,200,55
11680 DATA 201,4,24,27,135,243,106,17,240,0
11690 DATA 237,176,201,229,126,183,40,6,231,47
11700 DATA 119,35,24,246,225,201,62,0,24,2
11710 DATA 62,1,229,197,245,1,16,2,231,55
11720 DATA 209,193,56,65,229,122,119,35,54,0
11730 DATA 35,54,0,35,54,0,35,54,0,35
11740 DATA 229,197,1,20,0,9,193,54,0,35
11750 DATA 54,0,209,221,225,225,213,237,176,175
11760 DATA 18,225,205,157,134,221,126,0,254,0
11770 DATA 32,15,1,0,0,19,243,205,194,141
11780 DATA 205,31,144,251,62,150,216,175,201,225
11790 DATA 55,201,126,254,1,32,18,221,229,229
11800 DATA 221,225,1,5,0,9,221,78,3,221
11810 DATA 70,4,205,183,135,175,71,79,201,221
11820 DATA 229,205,35,135,221,225,201,126,254,0
11830 DATA 62,155,55,192,205,226,135,35,229,78
11840 DATA 35,70,35,94,35,86,35,62,151,218
11850 DATA 253,134,40,14,1,22,0,9,25,126
11860 DATA 225,35,35,19,115,35,114,201,229,209
11870 DATA 235,197,1,22,0,9,193,235,213,243
11880 DATA 205,194,141,205,159,144,251,209,62,152
11890 DATA 218,253,134,225,213,235,26,111,19,26
11900 DATA 103,9,235,114,43,115,35,35,62,1
11910 DATA 119,35,175,119,35,197,1,20,0,9
11920 DATA 193,113,35,112,209,175,26,201,221,229
11930 DATA 229,221,225,87,126,254,0,62,155,55
11940 DATA 40,71,122,1,5,0,9,221,229,209
11950 DATA 235,1,27,0,9,221,78,3,221,70
11960 DATA 4,9,235,18,121,254,243,32,37,120
11970 DATA 254,1,32,32,3,235,221,229,225,197
11980 DATA 1,27,0,9,193,235,205,194,141,205
11990 DATA 249,145,62,150,56,6,62,153,55,32
12000 DATA 1,175,1,0,0,22,3,221,113,3
12010 DATA 221,112,4,221,225,254,0,201,221,229
12020 DATA 213,197,229,221,225,221,94,3,221,86
12030 DATA 4,221,78,25,221,70,26,120,177,62
12040 DATA 3,40,28,235,183,237,66,124,181,235
12050 DATA 62,1,32,17,120,214,1,32,9,121
12060 DATA 214,244,32,4,62,2,24,3,62,151
12070 DATA 55,193,209,221,225,201,229,197,213,205
12080 DATA 182,156,33,203,0,205,74,157,205,147
12090 DATA 140,209,193,225,201,229,197,213,245,205
12100 DATA 28,136,213,197,205,38,128,32,72,76
12110 DATA 10,13,0,193,209,213,225,205,28,136
12120 DATA 213,197,205,38,128,32,68,69,10,13
12130 DATA 0,193,209,197,225,205,28,136,213,197
12140 DATA 205,38,128,32,66,67,10,13,0,193
12150 DATA 209,241,209,193,225,201,245,229,213,197
12160 DATA 175,18,213,225,19,1,243,1,237,176
12170 DATA 193,209,225,241,201,4,42,45,153,5
12180 DATA 124,33,88,0,17,149,136,115,35,114
12190 DATA 33,19,0,62,1,119,201,17,131,230
12200 DATA 238,237,244,237,80,230,117,230,54,161
12210 DATA 26,161,31,228,60,228,47,228,25,228
12220 DATA 150,165,145,134,145,134,145,134,145,134
12230 DATA 45,134,254,0,200,205,95,137,201,33
12240 DATA 221,136,6,0,79,9,126,254,0,200
12250 DATA 33,128,0,203,110,40,4,6,192,24
12260 DATA 6,79,126,230,192,71,121,176,201,0
12270 DATA 0,0,0,0,0,0,0,0,0,0
12280 DATA 0,0,164,0,0,0,0,0,0,0
12290 DATA 14,9,0,0,0,60,45,46,13,8
12300 DATA 0,0,58,59,44,12,6,7,0,0
12310 DATA 15,57,43,10,11,5,0,0,52,56
12320 DATA 41,42,37,4,0,0,0,53,51,35
12330 DATA 3,19,0,0,54,62,36,38,21,20
12340 DATA 0,0,55,47,39,40,26,28,0,0
12350 DATA 0,67,0,86,27,0,0,0,0,30
12360 DATA 0,0,0,0,0,0,0,0,0,0
12370 DATA 0,64,0,0,154,0,2,63,0,0
12380 DATA 0,61,165,34,0,18,50,31,25,0
12390 DATA 29,7,28,24,20,0,0,0,0,33
12400 DATA 104,137,6,0,79,9,126,201,0,61
12410 DATA 82,18,2,0,64,0,64,155,34,50
12420 DATA 0,30,0,0,0,0,0,0,0,0
12430 DATA 0,0,0,0,0,31,156,157,0,0
12440 DATA 15,73,72,71,70,69,0,67,22,23
12450 DATA 24,29,54,28,55,47,21,9,8,7
12460 DATA 6,5,4,3,19,20,104,40,118,27
12470 DATA 119,111,0,110,120,122,108,76,107,106
12480 DATA 105,100,115,126,103,117,116,102,90,78
12490 DATA 75,109,74,99,121,77,123,101,124,86
12500 DATA 92,87,93,0,0,46,56,58,44,12
12510 DATA 43,42,41,36,51,62,39,53,52,38
12520 DATA 26,14,11,45,10,35,57,13,59,37
12530 DATA 60,0,0,0,0,0,0,0,0,0
12540 DATA 0,0,0,0,0,0,0,0,0,0
12550 DATA 0,0,0,0,0,0,0,0,0,0
12560 DATA 0,0,0,0,0,0,0,0,0,0
12570 DATA 0,0,0,0,0,0,0,0,0,0
12580 DATA 0,0,0,0,0,0,0,0,0,0
12590 DATA 0,0,0,0,0,0,0,0,0,0
12600 DATA 0,0,0,0,0,0,0,0,0,0
12610 DATA 0,0,0,0,0,0,0,0,0,0
12620 DATA 0,0,0,0,0,0,0,0,0,0
12630 DATA 0,0,0,0,0,0,0,0,0,0
12640 DATA 0,0,0,0,0,0,0,0,0,0
12650 DATA 0,0,0,0,0,0,0,0,0,0
12660 DATA 0,0,0,0,33,128,0,54,0,201
12670 DATA 219,6,254,56,201,205,127,138,183,200
12680 DATA 50,129,0,205,42,154,201,205,136,138
12690 DATA 183,200,205,105,153,201,243,219,72,79
12700 DATA 205,151,138,121,251,201,62,2,211,72
12710 DATA 201,175,211,72,211,72,211,72,201,62
12720 DATA 3,211,224,33,249,162,54,205,17,0
12730 DATA 139,35,115,35,114,33,133,164,54,195
12740 DATA 17,228,138,35,115,35,114,33,241,233
12750 DATA 54,205,17,22,140,35,115,35,114,33
12760 DATA 215,236,54,205,17,28,140,35,115,35
12770 DATA 114,33,223,236,54,205,17,34,140,35
12780 DATA 115,35,114,62,1,211,224,201,1,20
12790 DATA 221,250,53,195,1,0,222,254,86,218
12800 DATA 53,195,1,67,164,254,98,218,53,195
12810 DATA 1,233,138,195,53,195,245,221,229,253
12820 DATA 229,213,33,108,139,205,212,162,212,25
12830 DATA 139,209,253,225,221,225,241,33,90,163
12840 DATA 201,33,111,139,205,212,162,216,97,46
12850 DATA 177,215,1,5,40,6,13,32,9,223
12860 DATA 24,201,216,62,178,195,133,202,13,192
12870 DATA 197,223,22,193,216,62,180,215,87,5
12880 DATA 40,4,223,64,24,240,62,178,195,133
12890 DATA 202,83,139,95,139,102,139,105,139,126
12900 DATA 183,40,39,61,40,60,61,202,228,139
12910 DATA 201,205,160,209,205,140,197,201,195,228
12920 DATA 139,195,236,139,1,79,211,3,68,73
12930 DATA 210,0,1,67,196,1,2,67,79,204
12940 DATA 2,3,215,57,17,13,45,45,45,91
12950 DATA 68,73,82,32,73,78,70,79,93,45
12960 DATA 45,13,205,144,141,201,205,54,220,205
12970 DATA 63,142,56,9,62,150,40,5,205,225
12980 DATA 141,24,15,229,245,215,57,5,69,82
12990 DATA 82,95,82,241,205,1,129,225,245,84
13000 DATA 93,26,254,0,62,0,18,19,32,247
13010 DATA 6,4,18,19,16,252,229,213,33,224
13020 DATA 0,126,183,40,5,223,60,35,24,247
13030 DATA 35,126,183,32,242,209,225,235,205,140
13040 DATA 197,241,175,201,229,17,175,0,18,195
13050 DATA 242,193,229,205,54,220,35,235,33,175
13060 DATA 0,52,126,35,254,1,40,9,126,235
13070 DATA 70,205,10,140,195,242,193,235,126,18
13080 DATA 24,248,203,39,203,39,203,39,203,39
13090 DATA 176,211,64,201,221,126,14,24,14,201
13100 DATA 221,126,6,24,8,201,54,32,205,41
13110 DATA 140,35,201,245,197,68,125,14,65,237
13120 DATA 121,193,241,201,33,130,0,6,8,175
13130 DATA 119,60,35,16,251,201,79,120,254,2
13140 DATA 216,254,7,200,33,130,0,22,0,95
13150 DATA 25,121,119,14,0,88,203,32,203,32
13160 DATA 203,32,203,32,203,32,237,121,67,201
13170 DATA 33,130,0,22,0,88,25,126,201,245
13180 DATA 62,128,211,35,241,211,32,62,0,211
13190 DATA 33,62,3,211,35,62,0,211,34,62
13200 DATA 0,211,33,201,205,138,140,211,32,201
13210 DATA 245,219,37,203,111,40,250,241,201,126
13220 DATA 35,254,0,200,205,132,140,24,246,229
13230 DATA 197,213,245,33,9,0,57,70,43,78
13240 DATA 96,105,205,147,140,241,209,68,77,33
13250 DATA 5,0,57,112,43,113,193,225,201,237
13260 DATA 87,245,209,243,62,1,211,36,205,226
13270 DATA 140,175,211,36,219,32,213,87,241,122
13280 DATA 224,251,201,62,1,211,36,219,37,203
13290 DATA 71,40,3,243,24,231,175,201,245,219
13300 DATA 37,203,71,40,250,241,201,219,37,203
13310 DATA 71,201,245,241,201,245,62,13,205,132
13320 DATA 140,62,10,205,132,140,241,201,245,229
13330 DATA 197,219,37,203,103,40,4,62,66,24
13340 DATA 26,203,87,40,4,62,80,24,18,203
13350 DATA 95,40,4,62,70,24,10,203,79,40
13360 DATA 4,62,79,24,2,62,78,33,122,0
13370 DATA 119,193,225,241,201,87,175,50,138,0
13380 DATA 205,12,147,32,6,122,205,33,147,40
13390 DATA 3,62,0,201,205,1,147,191,62,128
13400 DATA 50,138,0,201,58,138,0,203,127,201
13410 DATA 205,76,141,55,200,6,5,205,81,147
13420 DATA 40,6,48,28,16,247,175,201,175,58
13430 DATA 138,0,203,71,192,205,92,147,32,12
13440 DATA 58,138,0,203,199,50,138,0,175,62
13450 DATA 1,201,175,58,138,0,203,71,200,203
13460 DATA 135,50,138,0,62,2,201,195,101,147
13470 DATA 42,0,205,194,141,33,142,141,205,63
13480 DATA 142,200,62,39,205,235,146,205,42,146
13490 DATA 62,0,18,33,139,0,205,56,128,62
13500 DATA 13,205,45,128,62,51,205,235,146,205
13510 DATA 124,146,254,66,24,221,126,35,183,200
13520 DATA 24,250,229,213,197,33,224,0,205,207
13530 DATA 141,193,209,225,201,126,183,200,229,205
13540 DATA 63,142,225,216,55,62,150,200,205,188
13550 DATA 141,24,238,229,126,254,92,40,14,254
13560 DATA 47,40,10,254,46,32,45,254,46,40
13570 DATA 15,225,201,33,224,0,54,92,35,54
13580 DATA 0,35,54,0,225,201,33,224,0,205
13590 DATA 188,141,126,183,235,225,200,229,235,68
13600 DATA 77,205,188,141,126,183,32,247,175,2
13610 DATA 225,201,235,33,224,0,205,188,141,126
13620 DATA 183,32,249,235,126,18,35,19,183,32
13630 DATA 249,235,54,0,225,201,245,205,48,128
13640 DATA 62,10,205,45,128,241,201,229,62,47
13650 DATA 205,235,146,205,160,147,32,14,62,50
13660 DATA 205,235,146,205,124,146,225,254,66,200
13670 DATA 183,201,225,55,201,201,201,213,17,0
13680 DATA 0,205,102,142,209,201,62,57,205,235
13690 DATA 146,121,205,239,146,120,205,239,146,123
13700 DATA 205,239,146,122,205,239,146,205,124,146
13710 DATA 201,201,201,62,39,205,235,146,205,42
13720 DATA 146,245,214,8,71,241,33,147,0,126
13730 DATA 229,197,205,22,128,193,225,35,16,245
13740 DATA 205,243,140,62,63,205,235,146,205,124
13750 DATA 146,192,62,39,205,235,146,205,42,146
13760 DATA 221,33,139,0,221,229,221,86,3,221
13770 DATA 94,2,221,102,1,221,110,0,205,186
13780 DATA 156,33,203,0,205,74,157,205,26,128
13790 DATA 205,38,128,32,83,69,67,84,79,82
13800 DATA 83,10,13,0,221,225,221,229,221,86
13810 DATA 7,221,94,6,221,102,5,221,110,4
13820 DATA 205,186,156,33,203,0,205,74,157,205
13830 DATA 26,128,205,38,128,32,83,69,67,84
13840 DATA 79,82,83,32,70,82,69,69,32,32
13850 DATA 32,10,13,0,221,225,221,126,8,61
13860 DATA 40,8,61,40,24,61,40,40,24,57
13870 DATA 205,38,128,70,83,32,73,83,32,70
13880 DATA 65,84,45,49,50,10,13,0,201,205
13890 DATA 38,128,70,83,32,73,83,32,70,65
13900 DATA 84,45,49,54,10,13,0,201,205,38
13910 DATA 128,70,83,32,73,83,32,70,65,84
13920 DATA 45,51,50,10,13,0,201,205,38,128
13930 DATA 85,78,75,78,79,87,78,32,70,83
13940 DATA 10,13,0,221,126,8,201,245,62,47
13950 DATA 205,235,146,33,240,0,205,160,147,40
13960 DATA 30,241,205,38,128,69,82,82,79,82
13970 DATA 32,83,69,84,84,73,78,71,32,70
13980 DATA 73,76,69,78,65,77,69,10,13,0
13990 DATA 201,241,183,40,12,214,1,40,8,214
14000 DATA 1,40,4,62,52,24,2,62,50,205
14010 DATA 235,146,205,124,146,201,62,54,205,235
14020 DATA 146,62,1,205,239,146,205,124,146,201
14030 DATA 213,62,58,205,235,146,121,205,239,146
14040 DATA 120,205,239,146,47,47,209,33,0,0
14050 DATA 229,213,205,124,146,209,225,40,28,254
14060 DATA 29,32,28,62,39,205,235,146,205,254
14070 DATA 146,71,205,254,146,18,19,35,16,248
14080 DATA 62,59,205,235,146,24,219,68,77,175
14090 DATA 201,245,205,67,158,205,38,128,69,82
14100 DATA 82,79,82,32,82,69,65,68,73,78
14110 DATA 71,32,66,76,79,67,75,33,33,33
14120 DATA 32,0,241,6,2,5,201,213,197,205
14130 DATA 120,158,175,205,107,143,32,75,193,209
14140 DATA 205,190,143,40,32,205,67,158,205,38
14150 DATA 128,32,69,82,82,79,82,32,82,69
14160 DATA 65,68,73,78,71,32,70,73,76,69
14170 DATA 10,13,0,213,197,24,36,197,205,182
14180 DATA 156,33,203,0,205,74,157,205,147,140
14190 DATA 205,38,128,32,66,89,84,69,83,32
14200 DATA 82,69,65,68,10,13,0,205,176,143
14210 DATA 193,175,201,193,209,205,67,158,205,38
14220 DATA 128,45,45,62,69,82,82,79,82,32
14230 DATA 65,84,32,76,79,65,68,70,73,76
14240 DATA 69,10,13,0,33,240,0,205,147,140
14250 DATA 205,243,140,55,201,213,197,205,120,158
14260 DATA 175,205,107,143,32,50,193,205,93,142
14270 DATA 1,244,1,209,205,190,143,40,30,205
14280 DATA 67,158,205,38,128,32,69,82,82,79
14290 DATA 82,32,82,69,65,68,73,78,71,32
14300 DATA 70,73,76,69,10,13,0,24,9,197
14310 DATA 205,176,143,193,175,201,193,209,205,67
14320 DATA 158,205,38,128,45,45,62,69,82,82
14330 DATA 79,82,32,79,80,69,78,73,78,71
14340 DATA 32,70,73,76,69,10,13,0,33,240
14350 DATA 0,205,147,140,205,243,140,55,201,213
14360 DATA 62,60,205,235,146,121,205,239,146,120
14370 DATA 205,239,146,225,205,124,146,40,27,254
14380 DATA 30,32,25,62,45,205,235,146,205,254
14390 DATA 146,71,126,205,239,146,35,16,249,62
14400 DATA 61,205,235,146,24,224,183,201,245,205
14410 DATA 67,158,205,38,128,69,82,82,79,82
14420 DATA 32,87,82,73,84,73,78,71,32,66
14430 DATA 76,79,67,75,33,33,33,32,13,10
14440 DATA 0,241,6,2,5,201,213,197,229,205
14450 DATA 38,128,10,13,83,65,86,69,32,70
14460 DATA 73,76,69,10,13,10,13,0,225,205
14470 DATA 120,158,62,4,205,107,143,32,78,205
14480 DATA 38,128,10,13,70,73,76,69,32,67
14490 DATA 82,69,65,84,69,68,32,79,75,10
14500 DATA 13,0,193,209,205,7,145,40,25,205
14510 DATA 38,128,32,69,82,82,79,82,32,87
14520 DATA 82,73,84,73,78,71,32,70,73,76
14530 DATA 69,10,13,0,205,38,128,66,89,84
14540 DATA 69,32,87,82,73,84,84,69,78,10
14550 DATA 13,0,205,176,143,175,201,193,209,205
14560 DATA 67,158,205,38,128,45,45,62,69,82
14570 DATA 82,79,82,32,67,82,69,65,84,73
14580 DATA 78,71,32,70,73,76,69,10,13,0
14590 DATA 33,240,0,205,147,140,205,243,140,55
14600 DATA 201,197,213,205,120,158,62,1,205,107
14610 DATA 143,32,11,1,255,255,17,255,255,205
14620 DATA 102,142,24,9,62,4,205,107,143,62
14630 DATA 151,32,13,209,193,205,7,145,245,205
14640 DATA 176,143,241,192,175,201,209,193,55,201
14650 DATA 205,254,146,254,0,200,245,17,139,0
14660 DATA 71,205,254,146,18,19,16,249,241,201
14670 DATA 245,205,157,140,70,65,84,65,76,32
14680 DATA 69,82,82,79,82,58,0,241,205,67
14690 DATA 158,33,95,146,254,146,40,1,201,205
14700 DATA 147,140,201,80,65,82,84,73,84,73
14710 DATA 79,78,46,78,79,84,46,83,85,80
14720 DATA 80,79,82,84,69,68,33,33,33,10
14730 DATA 13,0,229,205,138,146,225,192,216,175
14740 DATA 205,169,146,254,20,201,175,1,50,0
14750 DATA 205,251,146,203,127,200,245,197,6,4
14760 DATA 205,230,155,193,241,11,95,120,177,123
14770 DATA 32,234,55,6,2,5,201,62,34,205
14780 DATA 235,146,205,254,146,201,1,196,9,205
14790 DATA 251,146,203,103,200,197,245,6,10,205
14800 DATA 230,155,241,193,11,95,120,177,123,32
14810 DATA 234,245,205,67,158,241,205,157,140,42
14820 DATA 42,42,67,77,68,32,84,73,77,69
14830 DATA 79,85,84,42,42,42,10,13,0,6
14840 DATA 2,5,201,211,49,24,2,211,48,197
14850 DATA 213,229,205,178,146,225,209,193,201,219
14860 DATA 49,201,219,48,201,62,1,205,235,146
14870 DATA 205,254,146,230,15,201,62,5,205,235
14880 DATA 146,62,6,205,235,146,62,87,205,239
14890 DATA 146,205,254,146,254,168,201,245,62,21
14900 DATA 205,235,146,241,205,239,146,6,4,205
14910 DATA 230,155,205,169,146,254,21,200,245,205
14920 DATA 157,140,69,82,82,58,32,83,69,84
14930 DATA 85,83,66,77,79,68,69,10,13,0
14940 DATA 241,205,67,158,201,62,48,205,235,146
14950 DATA 205,124,146,216,200,201,62,49,205,235
14960 DATA 146,205,124,146,201,6,10,197,205,33
14970 DATA 147,32,16,205,81,147,32,11,62,49
14980 DATA 205,235,146,205,124,146,193,200,197,6
14990 DATA 100,205,249,155,193,16,226,6,2,5
15000 DATA 245,205,157,140,69,82,82,58,32,77
15010 DATA 79,85,78,84,32,68,73,83,75,10
15020 DATA 13,0,241,201,126,205,239,146,192,126
15030 DATA 183,200,35,24,245,197,1,0,32,219
15040 DATA 115,203,95,32,5,11,120,177,32,245
15050 DATA 193,219,112,201,219,115,203,95,62,255
15060 DATA 200,219,112,201,62,1,211,112,62,224
15070 DATA 211,114,62,64,211,115,6,100,205,230
15080 DATA 155,62,6,211,112,62,0,211,114,62
15090 DATA 2,211,112,62,157,211,114,62,3,211
15100 DATA 112,62,134,211,114,201,62,96,211,115
15110 DATA 205,171,147,95,254,8,40,33,254,16
15120 DATA 40,29,254,40,40,38,254,24,40,35
15130 DATA 254,32,40,45,254,48,40,41,254,56
15140 DATA 200,254,176,200,254,104,200,254,216,200
15150 DATA 201,122,203,39,230,254,211,113,62,64
15160 DATA 211,115,24,202,11,120,177,40,10,126
15170 DATA 35,211,113,62,64,211,115,24,187,62
15180 DATA 80,211,115,120,177,201,120,177,200,62
15190 DATA 96,211,115,205,171,147,30,0,254,8
15200 DATA 40,31,40,29,254,88,40,38,254,80
15210 DATA 40,36,254,64,40,37,254,72,40,56
15220 DATA 254,56,200,254,176,200,254,104,200,254
15230 DATA 216,200,201,122,203,39,246,1,211,113
15240 DATA 62,64,211,115,24,203,30,1,219,113
15250 DATA 119,35,11,120,177,40,19,123,254,1
15260 DATA 40,14,120,129,254,1,62,64,40,2
15270 DATA 62,192,211,115,24,173,62,80,211,115
15280 DATA 120,177,201,22,0,15,48,2,203,226
15290 DATA 15,48,2,203,234,15,48,2,203,242
15300 DATA 15,48,2,203,250,123,15,48,2,203
15310 DATA 194,58,127,0,178,87,203,210,122,205
15320 DATA 209,148,203,146,122,205,209,148,201,213
15330 DATA 229,33,203,0,119,22,39,1,1,0
15340 DATA 205,242,147,225,209,201,30,0,24,2
15350 DATA 30,1,87,123,15,56,7,15,48,4
15360 DATA 30,0,24,14,122,203,63,203,63,203
15370 DATA 63,203,63,213,205,163,148,209,122,230
15380 DATA 15,205,163,148,201,6,4,205,249,155
15390 DATA 201,62,3,30,2,205,232,148,205,9
15400 DATA 149,62,3,30,2,205,232,148,205,9
15410 DATA 149,62,3,30,2,205,232,148,205,9
15420 DATA 149,62,2,30,2,205,232,148,205,9
15430 DATA 149,62,40,205,226,148,62,2,50,125
15440 DATA 0,205,102,149,205,122,149,62,2,50
15450 DATA 126,0,246,4,205,226,148,205,9,149
15460 DATA 205,253,149,201,58,125,0,203,151,50
15470 DATA 125,0,246,8,205,226,148,201,58,125
15480 DATA 0,203,215,50,125,0,246,8,205,226
15490 DATA 148,201,6,2,205,249,155,201,62,1
15500 DATA 205,226,148,205,116,149,201,126,254,0
15510 DATA 200,205,230,148,35,24,246,205,230,148
15520 DATA 201,62,2,205,226,148,205,116,149,201
15530 DATA 0,64,20,84,6,0,75,33,154,149
15540 DATA 9,126,130,246,128,205,226,148,201,58
15550 DATA 125,0,203,143,50,125,0,246,8,205
15560 DATA 226,148,201,58,125,0,203,207,50,125
15570 DATA 0,246,8,205,226,148,201,58,125,0
15580 DATA 203,135,50,125,0,246,8,205,226,148
15590 DATA 201,58,125,0,203,199,50,125,0,246
15600 DATA 8,205,226,148,201,62,24,205,226,148
15610 DATA 201,62,28,205,226,148,201,62,16,205
15620 DATA 226,148,201,62,20,205,226,148,201,62
15630 DATA 8,50,127,0,205,209,148,201,62,0
15640 DATA 50,127,0,205,209,148,201,83,117,110
15650 DATA 100,97,121,0,77,111,110,100,97,121
15660 DATA 0,84,117,101,115,100,97,121,0,87
15670 DATA 101,100,110,101,115,100,97,121,0,84
15680 DATA 104,117,114,115,100,97,121,0,70,114
15690 DATA 105,100,97,121,0,83,97,116,117,114
15700 DATA 100,97,121,0,15,150,22,150,29,150
15710 DATA 37,150,47,150,56,150,63,150,82,84
15720 DATA 67,32,69,82,32,82,86,10,13,0
15730 DATA 82,84,67,32,69,82,32,83,68,10
15740 DATA 13,0,123,197,205,1,129,193,121,205
15750 DATA 1,129,33,98,150,205,147,140,201,121
15760 DATA 205,1,129,33,86,150,205,147,140,55
15770 DATA 201,175,6,20,33,203,0,119,35,16
15780 DATA 252,201,100,100,47,109,109,47,121,121
15790 DATA 32,119,32,104,104,58,109,109,58,115
15800 DATA 115,33,150,150,17,203,0,1,19,0
15810 DATA 237,176,201,33,203,0,175,119,22,104
15820 DATA 1,1,0,205,242,147,194,110,150,33
15830 DATA 203,0,22,104,1,7,0,205,66,148
15840 DATA 194,127,150,175,201,17,203,0,175,18
15850 DATA 19,33,220,0,205,12,151,33,217,0
15860 DATA 205,12,151,33,214,0,205,12,151,33
15870 DATA 212,0,205,12,151,33,203,0,205,12
15880 DATA 151,33,206,0,205,12,151,33,209,0
15890 DATA 205,12,151,62,0,18,205,84,151,201
15900 DATA 213,205,148,157,209,205,54,156,125,18
15910 DATA 19,201,17,203,0,175,18,19,62,10
15920 DATA 205,54,156,125,18,19,62,34,205,54
15930 DATA 156,125,18,19,62,18,205,54,156,125
15940 DATA 18,19,62,5,18,19,62,18,205,54
15950 DATA 156,125,18,19,62,2,205,54,156,125
15960 DATA 18,19,62,21,205,54,156,125,18,19
15970 DATA 175,18,33,203,0,22,104,1,9,0
15980 DATA 205,242,147,194,110,150,6,1,205,3
15990 DATA 156,201,33,203,0,229,62,7,119,35
16000 DATA 122,119,225,22,104,1,2,0,205,242
16010 DATA 147,194,110,150,201,205,157,156,38,0
16020 DATA 201,6,7,33,203,0,126,254,255,40
16030 DATA 5,35,16,248,175,201,55,201,205,139
16040 DATA 150,205,181,150,216,205,133,151,216,221
16050 DATA 33,203,0,17,203,0,38,0,221,110
16060 DATA 4,205,127,151,62,47,18,19,221,110
16070 DATA 5,205,127,151,62,47,18,19,221,110
16080 DATA 6,205,127,151,62,32,18,19,221,110
16090 DATA 2,205,127,151,62,58,18,19,221,110
16100 DATA 1,205,127,151,62,58,18,19,221,110
16110 DATA 0,205,127,151,19,175,18,201,237,68
16120 DATA 237,68,237,68,237,68,237,68,237,68
16130 DATA 237,68,237,68,201,211,56,205,230,151
16140 DATA 201,62,159,205,247,151,62,191,205,247
16150 DATA 151,62,223,205,247,151,62,255,205,247
16160 DATA 151,201,205,253,151,175,50,244,0,175
16170 DATA 33,224,0,119,84,93,19,1,11,0
16180 DATA 237,176,201,245,230,3,7,7,7,7
16190 DATA 7,180,205,247,151,125,205,247,151,241
16200 DATA 201,245,62,2,14,0,205,98,152,62
16210 DATA 2,205,39,152,6,160,205,249,155,62
16220 DATA 2,14,4,205,98,152,241,201,33,7
16230 DATA 131,205,57,152,201,33,2,129,205,57
16240 DATA 152,201,7,60,95,121,254,4,62,15
16250 DATA 40,9,62,1,12,13,40,3,7,24
16260 DATA 250,87,62,128,203,3,203,3,203,3
16270 DATA 203,3,178,179,205,247,151,201,245,205
16280 DATA 175,152,71,58,244,0,176,50,244,0
16290 DATA 241,14,4,205,98,152,201,245,205,175
16300 DATA 152,237,68,61,71,58,244,0,160,50
16310 DATA 244,0,241,14,0,205,98,152,201,60
16320 DATA 79,175,60,13,200,7,24,251,245,33
16330 DATA 224,0,7,6,0,79,9,94,35,86
16340 DATA 122,131,183,40,75,241,245,205,175,152
16350 DATA 79,58,244,0,161,193,32,80,197,72
16360 DATA 6,0,33,240,0,9,126,60,40,50
16370 DATA 61,52,111,38,0,41,41,25,94,35
16380 DATA 86,35,78,35,70,237,67,169,0,193
16390 DATA 197,33,232,0,203,0,72,6,0,9
16400 DATA 237,75,169,0,113,35,112,122,193,254
16410 DATA 10,56,10,235,120,205,39,152,24,18
16420 DATA 193,24,17,254,3,48,7,79,120,205
16430 DATA 98,152,24,4,254,9,40,2,175,201
16440 DATA 62,1,201,33,232,0,79,6,0,9
16450 DATA 9,78,35,70,87,120,177,122,202,184
16460 DATA 152,175,201,33,232,0,6,4,94,35
16470 DATA 86,122,179,40,5,27,114,43,115,35
16480 DATA 35,16,241,201,6,4,14,0,5,120
16490 DATA 197,205,43,153,193,129,79,120,183,32
16500 DATA 243,121,254,4,201,254,225,200,254,240
16510 DATA 200,254,224,200,254,170,200,79,58,129
16520 DATA 0,254,225,40,35,254,240,40,89,254
16530 DATA 224,40,33,121,254,18,204,6,154,254
16540 DATA 89,204,6,154,254,20,204,15,154,254
16550 DATA 17,204,24,154,254,88,204,33,154,201
16560 DATA 121,254,240,200,175,201,121,254,107,200
16570 DATA 254,114,200,254,116,200,254,117,200,254
16580 DATA 112,200,254,108,200,254,125,200,254,122
16590 DATA 200,254,105,200,254,113,200,254,102,200
16600 DATA 254,90,200,254,17,200,254,20,200,254
16610 DATA 74,200,254,240,32,0,175,201,121,254
16620 DATA 18,204,244,153,254,20,204,250,153,254
16630 DATA 17,204,0,154,254,89,204,244,153,50
16640 DATA 129,0,175,201,33,128,0,203,182,201
16650 DATA 33,128,0,203,190,201,33,128,0,203
16660 DATA 174,201,33,128,0,62,64,174,119,175
16670 DATA 201,33,128,0,62,128,174,119,175,201
16680 DATA 33,128,0,62,32,174,119,175,201,33
16690 DATA 128,0,62,16,174,119,175,201,254,170
16700 DATA 56,2,175,201,33,102,154,87,205,96
16710 DATA 154,71,254,97,56,4,254,123,56,9
16720 DATA 58,128,0,203,119,120,200,24,15,58
16730 DATA 128,0,79,203,31,203,31,169,203,103
16740 DATA 32,2,120,201,122,33,16,155,205,96
16750 DATA 154,201,6,0,79,9,126,201,0,0
16760 DATA 0,165,0,0,0,0,0,0,168,166
16770 DATA 0,0,96,0,0,0,0,0,0,113
16780 DATA 49,0,0,0,122,115,97,119,50,0
16790 DATA 0,99,120,100,101,52,51,0,0,32
16800 DATA 118,102,116,114,53,0,0,110,98,104
16810 DATA 103,121,54,0,0,44,109,106,117,55
16820 DATA 56,0,0,44,107,105,111,48,57,0
16830 DATA 0,46,47,108,59,112,45,0,0,0
16840 DATA 39,0,91,61,0,0,0,0,13,93
16850 DATA 0,92,0,0,0,0,0,0,0,0
16860 DATA 6,0,0,8,0,4,9,0,0,0
16870 DATA 1,7,10,0,3,11,27,0,0,0
16880 DATA 43,45,42,57,0,0,0,0,0,167
16890 DATA 0,0,0,0,0,0,0,0,0,0
16900 DATA 0,0,0,0,0,0,0,0,0,0
16910 DATA 0,0,0,0,0,0,0,0,0,0
16920 DATA 0,0,0,0,0,0,0,0,0,0
16930 DATA 0,165,0,0,0,0,0,0,168,166
16940 DATA 0,0,126,0,0,0,0,0,0,81
16950 DATA 33,0,0,0,90,83,65,87,64,0
16960 DATA 0,67,88,68,69,36,35,0,0,32
16970 DATA 86,70,84,82,37,0,0,78,66,72
16980 DATA 71,89,94,0,0,34,77,74,85,38
16990 DATA 42,0,0,60,75,73,79,41,40,0
17000 DATA 0,62,63,76,58,80,95,0,0,0
17010 DATA 34,0,123,43,0,0,0,0,13,125
17020 DATA 0,124,0,0,0,0,0,0,0,0
17030 DATA 6,0,0,8,0,4,9,0,0,0
17040 DATA 1,7,10,0,3,11,27,0,0,0
17050 DATA 43,45,42,57,0,0,0,0,0,167
17060 DATA 0,0,0,0,0,0,0,0,0,0
17070 DATA 0,0,0,0,0,0,0,0,0,0
17080 DATA 0,0,0,0,0,0,0,0,0,0
17090 DATA 0,0,0,0,0,0,0,0,0,0
17100 DATA 0,0,0,0,0,0,0,0,0,0
17110 DATA 0,0,0,0,0,0,0,0,195,246
17120 DATA 155,0,20,19,18,18,17,16,16,13
17130 DATA 13,11,11,11,8,6,6,3,3,1
17140 DATA 0,0,219,128,33,209,155,95,22,0
17150 DATA 25,126,95,33,186,155,25,233,16,253
17160 DATA 201,197,6,190,205,230,155,193,16,247
17170 DATA 201,197,6,250,205,249,155,6,250,205
17180 DATA 249,155,6,250,205,249,155,6,250,205
17190 DATA 249,155,193,16,232,201,245,213,205,81
17200 DATA 156,209,205,119,156,241,201,183,71,230
17210 DATA 240,15,79,15,15,129,79,120,230,15
17220 DATA 129,201,38,255,36,214,100,48,251,198
17230 DATA 100,46,255,44,214,10,48,251,198,10
17240 DATA 79,125,7,7,7,7,177,111,201,1
17250 DATA 0,16,17,0,0,41,123,143,39,95
17260 DATA 122,143,39,87,121,143,39,79,16,241
17270 DATA 235,201,183,71,230,240,15,79,15,15
17280 DATA 129,79,120,230,15,129,201,121,205,164
17290 DATA 156,121,205,168,156,124,205,164,156,124
17300 DATA 205,168,156,125,205,164,156,125,24,26
17310 DATA 31,31,31,31,230,15,198,144,39,206
17320 DATA 64,39,18,19,201,125,205,142,156,125
17330 DATA 24,238,31,31,31,31,230,15,198,144
17340 DATA 39,206,64,39,18,19,201,38,0,111
17350 DATA 30,0,22,0,1,0,0,221,33,0
17360 DATA 0,34,195,0,237,83,197,0,237,67
17370 DATA 199,0,221,34,201,0,33,203,0,17
17380 DATA 204,0,54,32,1,18,0,237,176,237
17390 DATA 67,222,0,30,1,33,203,0,1,9
17400 DATA 9,175,5,40,41,43,182,40,249,13
17410 DATA 23,48,252,31,87,229,197,33,222,0
17420 DATA 67,203,18,126,143,39,119,43,16,249
17430 DATA 48,3,28,54,1,13,32,235,193,14
17440 DATA 8,225,43,86,16,225,33,223,0,75
17450 DATA 183,237,66,84,93,237,66,235,65,203
17460 DATA 33,62,48,237,111,254,48,32,6,13
17470 DATA 19,24,4,237,111,18,19,237,111,18
17480 DATA 19,35,16,245,237,66,201,235,33,203
17490 DATA 0,205,74,157,237,176,235,201,126,254
17500 DATA 32,192,35,24,249,6,8,111,203,21
17510 DATA 31,16,251,201,229,126,254,0,40,14
17520 DATA 254,48,56,6,254,58,56,9,254,57
17530 DATA 246,1,225,201,191,225,201,35,24,231
17540 DATA 229,126,254,0,40,20,254,48,56,12
17550 DATA 254,58,56,15,254,48,56,4,254,71
17560 DATA 56,7,246,1,225,201,191,225,201,35
17570 DATA 24,225,175,205,154,157,122,201,87,126
17580 DATA 35,214,58,198,10,208,95,122,135,135
17590 DATA 130,135,131,24,239,126,205,188,157,135
17600 DATA 135,135,135,87,35,126,205,188,157,178
17610 DATA 35,201,214,48,254,10,216,214,7,201
17620 DATA 205,171,157,71,205,171,157,79,201,126
17630 DATA 35,214,48,203,39,203,39,203,39,203
17640 DATA 39,71,126,35,214,48,176,201,79,205
17650 DATA 237,157,119,35,121,205,241,157,119,35
17660 DATA 201,31,31,31,31,246,240,39,198,160
17670 DATA 206,64,201,34,172,0,201,175,50,174
17680 DATA 0,50,172,0,50,173,0,201,58,172
17690 DATA 0,71,58,173,0,128,183,201,245,237
17700 DATA 91,172,0,235,58,174,0,79,6,0
17710 DATA 9,235,241,201,58,174,0,60,50,174
17720 DATA 0,201,205,18,158,205,34,158,126,18
17730 DATA 35,19,183,200,24,245,205,18,158,18
17740 DATA 205,34,158,19,175,18,201,38,0,111
17750 DATA 245,17,188,0,205,157,156,62,104,18
17760 DATA 19,175,18,33,188,0,205,147,140,205
17770 DATA 243,140,241,201,229,14,0,126,35,12
17780 DATA 254,0,32,249,13,225,121,184,200,120
17790 DATA 145,216,71,62,48,43,119,16,252,201
17800 DATA 17,240,0,126,18,254,0,200,19,35
17810 DATA 24,247,22,0,106,6,8,41,210,142
17820 DATA 158,25,16,249,201,33,0,0,87,89
17830 DATA 25,21,32,252,201,175,6,16,41,203
17840 DATA 23,187,56,2,147,44,16,246,201,0
17850 DATA 0,0,0,0,0,0,0,0,0,0
17860 DATA 0,0,0,0,0,0,0,0,0,0
17870 DATA 0,0,0,0,0,0,0,0,0,0
17880 DATA 0,0,0,0,0,0,0,0,0,0
17890 DATA 0,0,0,0,0,0,0,0,0,0
17900 DATA 0,0,0,0,0,0,0,0,0,0
17910 DATA 0,0,0,0,0,0,0,0,0,0
17920 DATA 0,0,0,0,0,0,0,0,0,0
17930 DATA 0,0,0,0,0,0,0,0,0,0
17940 DATA 0,0,0,0,0,0,0,0,0,0
17950 DATA 0,0,0,0,0,0,0,0,0,0
17960 DATA 0,0,0,0,0,0,0,0,0,0
17970 DATA 0,0,0,0,0,0,0,0,0,0
17980 DATA 0,0,0,0,0,0,0,0,0,0
17990 DATA 0,0,0,0,0,0,0,0,0,0
18000 DATA 0,0,0,0,0,0,0,0,0,0
18010 DATA 0,0,0,0,0,0,0,0,0,0
18020 DATA 0,0,0,0,0,0,0,0,0,0
18030 DATA 0,0,0,0,0,0,0,0,0,0
18040 DATA 0,0,0,0,0,0,0,0,0,0
18050 DATA 0,0,0,0,0,0,0,0,0,0
18060 DATA 0,0,0,0,0,0,0,0,0,0
18070 DATA 0,0,0,0,0,0,0,0,0,0
18080 DATA 0,0,0,0,0,0,0,0,0,0
18090 DATA 0,0,0,0,0,0,0,0,0,0
18100 DATA 0,0,0,0,0,0,0,0,0,0
18110 DATA 0,0,0,0,0,0,0,0,0,0
18120 DATA 0,0,0,0,0,0,0,0,0,0
18130 DATA 0,0,0,0,0,0,0,0,0,0
18140 DATA 0,0,0,0,0,0,0,0,0,0
18150 DATA 0,0,0,0,0,0,0,0,0,0
18160 DATA 0,0,0,0,0,0,0,0,0,0
18170 DATA 0,0,0,0,0,0,0,0,0,0
18180 DATA 0,0,0,0,0,0,0,0,0,0
